mx,my,mz
-0.512,0.413,-0.72
-0.523,0.429,-0.711
-0.523,0.442,-0.716
-0.522,0.444,-0.713
-0.518,0.453,-0.714
-0.518,0.453,-0.714
-0.52,0.456,-0.708
-0.512,0.453,-0.704
-0.51,0.459,-0.714
-0.506,0.454,-0.715
-0.506,0.454,-0.715
-0.498,0.455,-0.711
-0.499,0.462,-0.717
-0.504,0.455,-0.713
-0.501,0.455,-0.707
-0.501,0.455,-0.707
-0.501,0.46,-0.716
-0.492,0.44,-0.709
-0.493,0.437,-0.721
-0.494,0.443,-0.716
-0.494,0.443,-0.716
-0.494,0.417,-0.713
-0.489,0.428,-0.72
-0.496,0.423,-0.713
-0.494,0.414,-0.714
-0.494,0.414,-0.714
-0.501,0.424,-0.72
-0.496,0.421,-0.724
-0.485,0.418,-0.713
-0.489,0.428,-0.722
-0.489,0.428,-0.722
-0.483,0.422,-0.716
-0.485,0.423,-0.723
-0.494,0.431,-0.718
-0.486,0.431,-0.717
-0.486,0.431,-0.717
-0.489,0.431,-0.721
-0.494,0.428,-0.724
-0.489,0.432,-0.718
-0.5,0.443,-0.717
-0.5,0.443,-0.717
-0.502,0.447,-0.714
-0.502,0.464,-0.713
-0.514,0.48,-0.711
-0.521,0.484,-0.704
-0.521,0.484,-0.704
-0.524,0.497,-0.7
-0.534,0.503,-0.702
-0.533,0.51,-0.691
-0.536,0.52,-0.701
-0.536,0.52,-0.701
-0.539,0.528,-0.7
-0.537,0.539,-0.695
-0.543,0.555,-0.688
-0.544,0.564,-0.684
-0.544,0.564,-0.684
-0.551,0.577,-0.681
-0.559,0.585,-0.675
-0.57,0.588,-0.664
-0.571,0.595,-0.667
-0.571,0.595,-0.667
-0.587,0.601,-0.659
-0.592,0.611,-0.648
-0.602,0.629,-0.632
-0.603,0.654,-0.62
-0.603,0.654,-0.62
-0.603,0.683,-0.608
-0.595,0.709,-0.588
-0.595,0.737,-0.565
-0.586,0.762,-0.547
-0.586,0.762,-0.547
-0.578,0.782,-0.533
-0.576,0.798,-0.497
-0.574,0.817,-0.459
-0.567,0.843,-0.428
-0.567,0.843,-0.428
-0.548,0.86,-0.39
-0.523,0.881,-0.348
-0.501,0.9,-0.315
-0.476,0.914,-0.274
-0.476,0.914,-0.274
-0.453,0.925,-0.234
-0.445,0.935,-0.195
-0.426,0.936,-0.155
-0.405,0.932,-0.111
-0.405,0.932,-0.111
-0.386,0.928,-0.078
-0.363,0.917,-0.032
-0.339,0.911,0.007
-0.32,0.906,0.04
-0.32,0.906,0.04
-0.299,0.9,0.078
-0.285,0.889,0.116
-0.267,0.877,0.15
-0.239,0.864,0.185
-0.239,0.864,0.185
-0.214,0.843,0.211
-0.177,0.817,0.23
-0.127,0.788,0.247
-0.086,0.759,0.243
-0.086,0.759,0.243
-0.047,0.727,0.24
-0.005,0.699,0.225
0.03,0.675,0.206
0.067,0.658,0.173
0.067,0.658,0.173
0.097,0.638,0.143
0.128,0.626,0.116
0.161,0.612,0.071
0.179,0.606,0.038
0.179,0.606,0.038
0.2,0.6,-0.002
0.217,0.596,-0.057
0.225,0.601,-0.107
0.23,0.605,-0.157
0.23,0.605,-0.157
0.223,0.621,-0.211
0.219,0.627,-0.266
0.206,0.635,-0.317
0.2,0.636,-0.356
0.2,0.636,-0.356
0.187,0.639,-0.391
0.168,0.641,-0.418
0.161,0.644,-0.438
0.138,0.645,-0.452
0.138,0.645,-0.452
0.127,0.655,-0.478
0.11,0.656,-0.493
0.093,0.661,-0.508
0.085,0.667,-0.533
0.085,0.667,-0.533
0.064,0.676,-0.56
0.053,0.681,-0.581
0.033,0.68,-0.605
0.017,0.688,-0.615
0.017,0.688,-0.615
0.007,0.69,-0.627
-0.007,0.691,-0.641
-0.023,0.696,-0.659
-0.042,0.701,-0.673
-0.042,0.701,-0.673
-0.058,0.706,-0.677
-0.084,0.711,-0.69
-0.1,0.715,-0.69
-0.124,0.724,-0.701
-0.124,0.724,-0.701
-0.154,0.734,-0.698
-0.175,0.746,-0.697
-0.201,0.754,-0.694
-0.225,0.758,-0.685
-0.225,0.758,-0.685
-0.244,0.766,-0.686
-0.263,0.775,-0.682
-0.275,0.785,-0.664
-0.298,0.79,-0.655
-0.298,0.79,-0.655
-0.317,0.793,-0.653
-0.33,0.801,-0.63
-0.344,0.813,-0.615
-0.354,0.814,-0.603
-0.354,0.814,-0.603
-0.358,0.82,-0.58
-0.352,0.826,-0.559
-0.348,0.827,-0.542
-0.345,0.821,-0.526
-0.345,0.821,-0.526
-0.336,0.82,-0.502
-0.327,0.82,-0.483
-0.322,0.816,-0.46
-0.315,0.81,-0.44
-0.315,0.81,-0.44
-0.305,0.81,-0.422
-0.301,0.805,-0.414
-0.295,0.804,-0.405
-0.284,0.797,-0.398
-0.284,0.797,-0.398
-0.273,0.783,-0.39
-0.251,0.774,-0.382
-0.226,0.764,-0.378
-0.202,0.746,-0.372
-0.202,0.746,-0.372
-0.178,0.737,-0.367
-0.149,0.718,-0.37
-0.114,0.697,-0.38
-0.093,0.677,-0.393
-0.093,0.677,-0.393
-0.078,0.668,-0.395
-0.072,0.668,-0.392
-0.073,0.668,-0.397
-0.065,0.663,-0.398
-0.065,0.663,-0.398
-0.058,0.666,-0.405
-0.05,0.664,-0.411
-0.041,0.661,-0.421
-0.028,0.659,-0.424
-0.028,0.659,-0.424
-0.021,0.653,-0.442
-0.01,0.65,-0.459
0.003,0.642,-0.465
0.007,0.638,-0.476
0.007,0.638,-0.476
0.015,0.634,-0.485
0.019,0.63,-0.499
0.02,0.624,-0.508
0.024,0.625,-0.51
0.024,0.625,-0.51
0.023,0.623,-0.521
0.024,0.618,-0.535
0.026,0.619,-0.539
0.025,0.618,-0.543
0.025,0.618,-0.543
0.02,0.62,-0.556
0.017,0.633,-0.57
0.006,0.64,-0.58
-0.007,0.657,-0.579
-0.007,0.657,-0.579
-0.013,0.663,-0.578
-0.019,0.668,-0.581
-0.018,0.676,-0.579
-0.017,0.672,-0.584
-0.017,0.672,-0.584
-0.025,0.675,-0.583
-0.022,0.676,-0.586
-0.019,0.677,-0.584
-0.022,0.68,-0.576
-0.022,0.68,-0.576
-0.011,0.679,-0.585
-0.009,0.678,-0.574
-0.004,0.674,-0.568
-0.002,0.673,-0.56
-0.002,0.673,-0.56
0.003,0.677,-0.557
0.011,0.669,-0.549
0.017,0.665,-0.548
0.023,0.654,-0.545
0.023,0.654,-0.545
0.03,0.654,-0.541
0.039,0.647,-0.534
0.049,0.636,-0.53
0.063,0.618,-0.538
0.063,0.618,-0.538
0.072,0.608,-0.539
0.08,0.605,-0.538
0.082,0.603,-0.545
0.088,0.588,-0.547
0.088,0.588,-0.547
0.096,0.575,-0.557
0.099,0.562,-0.562
0.102,0.55,-0.573
0.105,0.539,-0.581
0.105,0.539,-0.581
0.115,0.527,-0.584
0.11,0.516,-0.596
0.106,0.508,-0.601
0.108,0.493,-0.622
0.108,0.493,-0.622
0.106,0.467,-0.634
0.101,0.449,-0.646
0.101,0.426,-0.66
0.095,0.401,-0.671
0.095,0.401,-0.671
0.085,0.376,-0.687
0.072,0.354,-0.696
0.061,0.331,-0.7
0.054,0.299,-0.709
0.054,0.299,-0.709
0.044,0.274,-0.71
0.033,0.253,-0.714
0.025,0.237,-0.716
0.015,0.216,-0.717
0.015,0.216,-0.717
0.011,0.209,-0.714
-0.001,0.19,-0.716
-0.009,0.179,-0.717
-0.016,0.173,-0.717
-0.016,0.173,-0.717
-0.021,0.163,-0.716
-0.027,0.16,-0.722
-0.021,0.161,-0.72
-0.024,0.159,-0.718
-0.024,0.159,-0.718
-0.022,0.159,-0.714
-0.015,0.148,-0.712
-0.017,0.146,-0.717
-0.017,0.143,-0.711
-0.017,0.143,-0.711
-0.016,0.136,-0.706
-0.019,0.134,-0.702
-0.013,0.127,-0.703
-0.004,0.128,-0.703
-0.004,0.128,-0.703
0.003,0.128,-0.693
0.006,0.125,-0.688
0.017,0.116,-0.677
0.028,0.111,-0.671
0.028,0.111,-0.671
0.033,0.107,-0.66
0.037,0.099,-0.656
0.032,0.092,-0.653
0.017,0.077,-0.662
0.017,0.077,-0.662
-0.016,0.06,-0.667
-0.04,0.046,-0.666
-0.054,0.032,-0.667
-0.065,0.021,-0.67
-0.065,0.021,-0.67
-0.066,0.019,-0.667
-0.072,0.014,-0.659
-0.071,0.009,-0.651
-0.076,0.008,-0.649
-0.076,0.008,-0.649
-0.08,-0.009,-0.653
-0.083,-0.019,-0.655
-0.09,-0.021,-0.655
-0.098,-0.021,-0.653
-0.098,-0.021,-0.653
-0.107,-0.026,-0.66
-0.123,-0.029,-0.673
-0.146,-0.027,-0.686
-0.169,-0.025,-0.703
-0.169,-0.025,-0.703
-0.19,-0.025,-0.708
-0.2,-0.032,-0.711
-0.206,-0.028,-0.72
-0.213,-0.025,-0.722
-0.213,-0.025,-0.722
-0.229,-0.027,-0.724
-0.242,-0.023,-0.731
-0.252,-0.016,-0.729
-0.277,-0.017,-0.737
-0.277,-0.017,-0.737
-0.295,-0.014,-0.743
-0.303,-0.012,-0.739
-0.321,-0.008,-0.747
-0.33,-0.005,-0.747
-0.33,-0.005,-0.747
-0.344,-0.008,-0.74
-0.367,-0.003,-0.736
-0.384,0.002,-0.733
-0.41,0.008,-0.729
-0.41,0.008,-0.729
-0.434,0.019,-0.726
-0.451,0.028,-0.719
-0.463,0.028,-0.708
-0.477,0.034,-0.699
-0.477,0.034,-0.699
-0.482,0.033,-0.689
-0.496,0.031,-0.688
-0.503,0.03,-0.685
-0.511,0.031,-0.677
-0.511,0.031,-0.677
-0.519,0.037,-0.694
-0.509,0.049,-0.711
-0.504,0.064,-0.722
-0.508,0.081,-0.75
-0.508,0.081,-0.75
-0.502,0.101,-0.762
-0.501,0.117,-0.779
-0.501,0.142,-0.796
-0.501,0.157,-0.805
-0.501,0.157,-0.805
-0.5,0.176,-0.818
-0.502,0.188,-0.826
-0.499,0.207,-0.845
-0.495,0.228,-0.86
-0.495,0.228,-0.86
-0.493,0.243,-0.872
-0.507,0.258,-0.874
-0.526,0.273,-0.875
-0.546,0.294,-0.878
-0.546,0.294,-0.878
-0.575,0.315,-0.87
-0.599,0.33,-0.867
-0.631,0.339,-0.847
-0.665,0.34,-0.834
-0.665,0.34,-0.834
-0.69,0.336,-0.809
-0.712,0.328,-0.791
-0.738,0.32,-0.758
-0.759,0.314,-0.729
-0.759,0.314,-0.729
-0.779,0.301,-0.691
-0.791,0.291,-0.653
-0.809,0.28,-0.617
-0.813,0.268,-0.589
-0.813,0.268,-0.589
-0.817,0.25,-0.563
-0.813,0.234,-0.526
-0.818,0.218,-0.478
-0.814,0.2,-0.424
-0.814,0.2,-0.424
-0.804,0.193,-0.377
-0.784,0.186,-0.322
-0.754,0.167,-0.273
-0.722,0.153,-0.229
-0.722,0.153,-0.229
-0.687,0.135,-0.192
-0.646,0.122,-0.171
-0.604,0.106,-0.149
-0.554,0.081,-0.132
-0.554,0.081,-0.132
-0.513,0.063,-0.119
-0.462,0.049,-0.12
-0.421,0.04,-0.113
-0.386,0.034,-0.115
-0.386,0.034,-0.115
-0.342,0.038,-0.107
-0.304,0.036,-0.107
-0.27,0.035,-0.116
-0.238,0.03,-0.121
-0.238,0.03,-0.126
-0.194,0.034,-0.126
-0.168,0.046,-0.138
-0.132,0.047,-0.136
-0.095,0.058,-0.156
-0.095,0.058,-0.164
-0.064,0.072,-0.164
-0.031,0.086,-0.178
-0.005,0.102,-0.191
0.021,0.116,-0.199
0.021,0.116,-0.218
0.039,0.127,-0.218
0.047,0.139,-0.224
0.06,0.144,-0.241
0.063,0.147,-0.244
0.063,0.147,-0.249
0.068,0.149,-0.249
0.071,0.163,-0.25
0.075,0.163,-0.261
0.07,0.164,-0.26
0.07,0.164,-0.256
0.067,0.16,-0.256
0.065,0.16,-0.257
0.062,0.158,-0.258
0.062,0.162,-0.253
0.062,0.162,-0.245
0.058,0.158,-0.245
0.057,0.158,-0.248
0.048,0.149,-0.248
0.042,0.139,-0.248
0.042,0.139,-0.242
0.03,0.129,-0.242
0.019,0.112,-0.248
0.019,0.097,-0.259
0.019,0.086,-0.259
0.019,0.086,-0.267
0.014,0.079,-0.267
0.009,0.081,-0.264
0.009,0.077,-0.273
0.003,0.078,-0.277
0.003,0.078,-0.286
-0.0,0.067,-0.286
-0.005,0.062,-0.294
-0.007,0.055,-0.3
-0.009,0.046,-0.303
-0.009,0.046,-0.304
-0.006,0.049,-0.304
-0.002,0.047,-0.307
-0.004,0.05,-0.313
0.005,0.048,-0.319
0.005,0.046,-0.325
0.009,0.046,-0.325
0.008,0.048,-0.329
0.013,0.048,-0.336
0.014,0.048,-0.341
0.014,0.049,-0.347
0.02,0.049,-0.347
0.021,0.046,-0.362
0.026,0.049,-0.376
0.036,0.06,-0.381
0.036,0.066,-0.389
0.043,0.066,-0.389
0.049,0.078,-0.39
0.065,0.085,-0.393
0.068,0.093,-0.392
0.068,0.108,-0.39
0.08,0.108,-0.39
0.093,0.125,-0.383
0.098,0.145,-0.372
0.115,0.165,-0.37
0.115,0.181,-0.36
0.117,0.181,-0.36
0.121,0.2,-0.351
0.123,0.213,-0.339
0.129,0.228,-0.34
0.129,0.24,-0.344
0.132,0.24,-0.344
0.135,0.247,-0.338
0.13,0.253,-0.33
0.125,0.249,-0.306
0.125,0.23,-0.29
0.112,0.23,-0.29
0.091,0.193,-0.293
0.09,0.158,-0.324
0.079,0.131,-0.345
0.079,0.115,-0.355
0.075,0.115,-0.355
0.075,0.106,-0.359
0.068,0.097,-0.348
0.057,0.086,-0.351
0.057,0.074,-0.349
0.052,0.074,-0.349
0.043,0.07,-0.345
0.049,0.066,-0.34
0.051,0.081,-0.333
0.054,0.098,-0.327
0.054,0.098,-0.327
0.068,0.107,-0.329
0.076,0.119,-0.313
0.086,0.128,-0.321
0.091,0.141,-0.317
0.091,0.141,-0.317
0.094,0.159,-0.312
0.102,0.173,-0.31
0.107,0.185,-0.3
0.11,0.207,-0.287
0.11,0.207,-0.287
0.108,0.232,-0.26
0.104,0.262,-0.236
0.093,0.291,-0.221
0.087,0.31,-0.208
0.087,0.31,-0.208
0.068,0.329,-0.179
0.036,0.333,-0.151
-0.006,0.34,-0.131
-0.033,0.342,-0.114
-0.033,0.342,-0.114
-0.042,0.36,-0.117
-0.032,0.363,-0.103
-0.054,0.35,-0.094
-0.079,0.34,-0.091
-0.079,0.34,-0.091
-0.096,0.324,-0.083
-0.125,0.29,-0.074
-0.159,0.266,-0.079
-0.188,0.233,-0.081
-0.188,0.233,-0.081
-0.219,0.204,-0.085
-0.249,0.179,-0.091
-0.285,0.15,-0.104
-0.321,0.131,-0.124
-0.321,0.131,-0.124
-0.362,0.104,-0.144
-0.396,0.081,-0.173
-0.433,0.061,-0.211
-0.454,0.046,-0.247
-0.454,0.046,-0.247
-0.476,0.024,-0.275
-0.483,0.025,-0.289
-0.49,0.025,-0.307
-0.481,0.01,-0.313
-0.481,0.01,-0.313
-0.481,0.007,-0.324
-0.482,-0.001,-0.338
-0.483,-0.006,-0.35
-0.48,-0.013,-0.363
-0.48,-0.013,-0.363
-0.48,-0.013,-0.372
-0.482,-0.022,-0.38
-0.48,-0.023,-0.408
-0.488,-0.018,-0.432
-0.488,-0.018,-0.432
-0.489,-0.019,-0.454
-0.497,-0.017,-0.489
-0.498,-0.004,-0.522
-0.496,-0.001,-0.549
-0.496,-0.001,-0.549
-0.491,0.006,-0.564
-0.495,0.017,-0.591
-0.491,0.028,-0.616
-0.491,0.043,-0.636
-0.491,0.043,-0.636
-0.49,0.059,-0.667
-0.494,0.087,-0.69
-0.504,0.116,-0.717
-0.512,0.157,-0.743
-0.512,0.157,-0.743
-0.516,0.193,-0.768
-0.53,0.243,-0.779
-0.537,0.295,-0.793
-0.55,0.353,-0.8
-0.55,0.353,-0.8
-0.549,0.408,-0.811
-0.544,0.461,-0.81
-0.543,0.514,-0.811
-0.535,0.561,-0.812
-0.535,0.561,-0.812
-0.521,0.599,-0.81
-0.51,0.638,-0.807
-0.497,0.664,-0.799
-0.486,0.689,-0.796
-0.486,0.689,-0.796
-0.478,0.713,-0.786
-0.472,0.74,-0.773
-0.469,0.763,-0.761
-0.461,0.783,-0.747
-0.461,0.783,-0.747
-0.448,0.805,-0.732
-0.445,0.825,-0.717
-0.438,0.841,-0.694
-0.444,0.851,-0.685
-0.444,0.851,-0.685
-0.446,0.847,-0.691
-0.445,0.84,-0.715
-0.437,0.824,-0.737
-0.423,0.812,-0.757
-0.423,0.812,-0.757
-0.407,0.785,-0.786
-0.393,0.75,-0.823
-0.374,0.697,-0.856
-0.342,0.634,-0.891
-0.342,0.634,-0.891
-0.317,0.582,-0.908
-0.289,0.538,-0.927
-0.265,0.501,-0.926
-0.25,0.456,-0.929
-0.25,0.456,-0.929
-0.23,0.416,-0.928
-0.201,0.373,-0.922
-0.184,0.336,-0.915
-0.168,0.294,-0.9
-0.168,0.294,-0.9
-0.151,0.255,-0.885
-0.136,0.213,-0.858
-0.124,0.166,-0.84
-0.114,0.125,-0.81
-0.114,0.125,-0.81
-0.108,0.093,-0.789
-0.098,0.066,-0.757
-0.085,0.045,-0.723
-0.068,0.021,-0.687
-0.068,0.021,-0.687
-0.05,0.005,-0.648
-0.038,-0.012,-0.602
-0.026,-0.014,-0.565
-0.012,-0.019,-0.517
-0.012,-0.019,-0.517
0.01,-0.015,-0.469
0.021,0.006,-0.418
0.029,0.021,-0.379
0.041,0.041,-0.344
0.041,0.041,-0.344
0.043,0.064,-0.315
0.043,0.092,-0.285
0.046,0.126,-0.253
0.047,0.155,-0.234
0.047,0.155,-0.234
0.048,0.166,-0.211
0.036,0.192,-0.19
0.025,0.212,-0.175
0.019,0.234,-0.168
0.019,0.234,-0.168
0.023,0.262,-0.152
0.019,0.287,-0.154
0.009,0.31,-0.139
0.004,0.332,-0.13
0.004,0.332,-0.13
0.008,0.359,-0.13
0.003,0.383,-0.127
0.006,0.401,-0.134
0.0,0.423,-0.139
0.0,0.423,-0.139
0.008,0.438,-0.149
0.014,0.455,-0.155
0.019,0.473,-0.173
0.03,0.486,-0.191
0.03,0.486,-0.191
0.04,0.494,-0.203
0.043,0.507,-0.218
0.06,0.525,-0.248
0.068,0.532,-0.277
0.068,0.532,-0.277
0.083,0.532,-0.308
0.098,0.529,-0.342
0.112,0.523,-0.366
0.121,0.514,-0.415
0.121,0.514,-0.415
0.129,0.505,-0.441
0.129,0.508,-0.466
0.126,0.511,-0.471
0.126,0.523,-0.466
0.126,0.523,-0.466
0.121,0.535,-0.467
0.116,0.55,-0.478
0.11,0.557,-0.486
0.108,0.569,-0.494
0.108,0.569,-0.494
0.1,0.58,-0.508
0.1,0.58,-0.517
0.097,0.583,-0.536
0.09,0.586,-0.541
0.09,0.586,-0.541
0.092,0.586,-0.536
0.094,0.59,-0.541
0.093,0.592,-0.544
0.093,0.59,-0.549
0.093,0.59,-0.549
0.084,0.595,-0.554
0.082,0.602,-0.558
0.082,0.605,-0.558
0.084,0.61,-0.551
0.084,0.61,-0.551
0.079,0.611,-0.548
0.079,0.618,-0.548
0.077,0.622,-0.547
0.075,0.624,-0.546
0.075,0.624,-0.546
0.074,0.624,-0.556
0.071,0.629,-0.564
0.066,0.63,-0.567
0.061,0.629,-0.581
0.061,0.629,-0.581
0.059,0.63,-0.598
0.05,0.625,-0.617
0.04,0.619,-0.65
0.022,0.614,-0.681
0.022,0.614,-0.681
0.001,0.596,-0.713
-0.03,0.59,-0.75
-0.067,0.581,-0.786
-0.114,0.572,-0.804
-0.114,0.572,-0.804
-0.162,0.581,-0.814
-0.199,0.583,-0.824
-0.231,0.582,-0.826
-0.253,0.581,-0.831
-0.253,0.581,-0.831
-0.273,0.581,-0.827
-0.284,0.576,-0.829
-0.314,0.579,-0.822
-0.346,0.575,-0.833
-0.346,0.575,-0.833
-0.369,0.569,-0.831
-0.416,0.562,-0.816
-0.449,0.554,-0.81
-0.488,0.55,-0.794
-0.488,0.55,-0.794
-0.526,0.547,-0.772
-0.564,0.536,-0.743
-0.6,0.524,-0.715
-0.629,0.51,-0.688
-0.629,0.51,-0.688
-0.653,0.493,-0.668
-0.679,0.472,-0.635
-0.705,0.447,-0.592
-0.725,0.427,-0.549
-0.725,0.427,-0.549
-0.739,0.416,-0.5
-0.747,0.407,-0.458
-0.753,0.401,-0.421
-0.751,0.402,-0.387
-0.751,0.402,-0.387
-0.741,0.404,-0.343
-0.73,0.405,-0.312
-0.712,0.401,-0.271
-0.7,0.403,-0.236
-0.7,0.403,-0.236
-0.677,0.409,-0.205
-0.652,0.41,-0.185
-0.634,0.411,-0.167
-0.609,0.416,-0.148
-0.609,0.416,-0.148
-0.578,0.418,-0.12
-0.534,0.427,-0.091
-0.487,0.436,-0.072
-0.456,0.447,-0.071
-0.456,0.447,-0.071
-0.43,0.44,-0.069
-0.431,0.451,-0.064
-0.437,0.457,-0.062
-0.442,0.464,-0.069
-0.442,0.464,-0.069
-0.449,0.47,-0.069
-0.456,0.473,-0.069
-0.453,0.482,-0.064
-0.451,0.503,-0.053
-0.451,0.503,-0.053
-0.435,0.522,-0.052
-0.421,0.546,-0.047
-0.409,0.573,-0.048
-0.4,0.602,-0.051
-0.4,0.602,-0.051
-0.39,0.628,-0.056
-0.38,0.649,-0.061
-0.373,0.68,-0.075
-0.361,0.711,-0.081
-0.361,0.711,-0.081
-0.35,0.737,-0.105
-0.339,0.766,-0.124
-0.318,0.796,-0.151
-0.308,0.83,-0.186
-0.308,0.83,-0.186
-0.294,0.861,-0.22
-0.28,0.888,-0.271
-0.272,0.909,-0.3
-0.258,0.922,-0.32
-0.258,0.922,-0.32
-0.243,0.929,-0.337
-0.236,0.952,-0.357
-0.225,0.959,-0.379
-0.209,0.97,-0.398
-0.209,0.97,-0.398
-0.208,0.973,-0.428
-0.197,0.981,-0.462
-0.203,0.987,-0.499
-0.213,0.991,-0.533
-0.213,0.991,-0.533
-0.215,0.981,-0.568
-0.221,0.973,-0.605
-0.234,0.957,-0.649
-0.238,0.932,-0.701
-0.238,0.932,-0.701
-0.24,0.91,-0.734
-0.236,0.883,-0.768
-0.235,0.852,-0.8
-0.241,0.824,-0.825
-0.241,0.824,-0.825
-0.243,0.801,-0.864
-0.249,0.768,-0.884
-0.247,0.727,-0.91
-0.244,0.682,-0.93
-0.244,0.682,-0.93
-0.232,0.629,-0.944
-0.217,0.576,-0.963
-0.194,0.532,-0.964
-0.177,0.475,-0.964
-0.177,0.475,-0.964
-0.152,0.43,-0.971
-0.128,0.389,-0.959
-0.104,0.351,-0.963
-0.087,0.315,-0.952
-0.087,0.315,-0.952
-0.062,0.279,-0.942
-0.041,0.245,-0.931
-0.007,0.212,-0.911
0.026,0.191,-0.89
0.026,0.191,-0.89
0.045,0.169,-0.873
0.094,0.148,-0.844
0.143,0.148,-0.813
0.183,0.156,-0.794
0.183,0.156,-0.794
0.195,0.173,-0.788
0.199,0.183,-0.783
0.206,0.187,-0.772
0.208,0.193,-0.755
0.208,0.193,-0.755
0.215,0.217,-0.73
0.228,0.235,-0.696
0.239,0.256,-0.655
0.253,0.287,-0.619
0.253,0.287,-0.619
0.261,0.33,-0.582
0.26,0.374,-0.543
0.262,0.421,-0.513
0.251,0.468,-0.494
0.251,0.468,-0.494
0.234,0.504,-0.472
0.213,0.542,-0.466
0.198,0.572,-0.448
0.175,0.595,-0.421
0.175,0.595,-0.421
0.151,0.618,-0.387
0.119,0.643,-0.357
0.09,0.666,-0.329
0.049,0.685,-0.294
0.049,0.685,-0.294
0.005,0.705,-0.261
-0.05,0.717,-0.245
-0.106,0.739,-0.222
-0.174,0.758,-0.216
-0.174,0.758,-0.216
-0.239,0.771,-0.232
-0.285,0.785,-0.244
-0.328,0.796,-0.261
-0.364,0.8,-0.286
-0.364,0.8,-0.286
-0.382,0.807,-0.307
-0.4,0.817,-0.33
-0.403,0.817,-0.346
-0.404,0.814,-0.358
-0.404,0.814,-0.358
-0.403,0.816,-0.374
-0.401,0.82,-0.376
-0.396,0.821,-0.388
-0.394,0.829,-0.403
-0.394,0.829,-0.403
-0.399,0.833,-0.413
-0.394,0.833,-0.424
-0.397,0.829,-0.433
-0.39,0.827,-0.45
-0.39,0.827,-0.45
-0.384,0.831,-0.455
-0.381,0.828,-0.465
-0.375,0.83,-0.471
-0.366,0.832,-0.477
-0.366,0.832,-0.477
-0.362,0.832,-0.483
-0.359,0.827,-0.491
-0.352,0.83,-0.499
-0.345,0.831,-0.509
-0.345,0.831,-0.521
-0.342,0.828,-0.521
-0.333,0.826,-0.526
-0.324,0.828,-0.529
-0.314,0.828,-0.543
-0.314,0.828,-0.549
-0.31,0.822,-0.549
-0.306,0.818,-0.563
-0.294,0.821,-0.57
-0.288,0.816,-0.578
-0.288,0.816,-0.594
-0.272,0.811,-0.594
-0.26,0.805,-0.605
-0.258,0.797,-0.62
-0.24,0.789,-0.637
-0.24,0.789,-0.632
-0.229,0.782,-0.632
-0.225,0.771,-0.633
-0.219,0.768,-0.646
-0.219,0.764,-0.657
-0.219,0.764,-0.672
-0.216,0.755,-0.672
-0.218,0.752,-0.675
-0.216,0.744,-0.687
-0.219,0.74,-0.692
-0.219,0.74,-0.697
-0.216,0.735,-0.697
-0.214,0.739,-0.694
-0.211,0.739,-0.696
-0.205,0.736,-0.709
-0.205,0.725,-0.713
-0.203,0.725,-0.713
-0.2,0.725,-0.72
-0.197,0.717,-0.725
-0.195,0.709,-0.731
-0.195,0.708,-0.733
-0.196,0.708,-0.733
-0.195,0.7,-0.738
-0.198,0.702,-0.748
-0.196,0.692,-0.755
-0.196,0.686,-0.755
-0.195,0.686,-0.755
-0.195,0.688,-0.757
-0.194,0.687,-0.762
-0.194,0.681,-0.759
-0.194,0.684,-0.761
-0.193,0.684,-0.761
-0.19,0.683,-0.766
-0.188,0.682,-0.758
-0.189,0.686,-0.759
-0.189,0.683,-0.761
-0.186,0.683,-0.761
-0.19,0.688,-0.751
-0.189,0.693,-0.75
-0.191,0.698,-0.746
-0.191,0.699,-0.732
-0.192,0.699,-0.732
-0.198,0.704,-0.735
-0.2,0.704,-0.733
-0.201,0.711,-0.74
-0.201,0.704,-0.74
-0.2,0.704,-0.74
-0.2,0.703,-0.738
-0.199,0.701,-0.737
-0.204,0.701,-0.735
-0.201,0.713,-0.725
-0.201,0.713,-0.725
-0.205,0.728,-0.711
-0.205,0.742,-0.703
-0.206,0.746,-0.688
-0.205,0.754,-0.677
-0.205,0.754,-0.677
-0.208,0.762,-0.669
-0.208,0.763,-0.655
-0.202,0.773,-0.652
-0.2,0.773,-0.649
-0.2,0.773,-0.649
-0.196,0.782,-0.634
-0.191,0.787,-0.633
-0.19,0.782,-0.616
-0.181,0.788,-0.611
-0.181,0.788,-0.611
-0.179,0.787,-0.601
-0.171,0.788,-0.596
-0.164,0.791,-0.594
-0.165,0.787,-0.585
-0.165,0.787,-0.585
-0.172,0.79,-0.572
-0.182,0.801,-0.556
-0.185,0.806,-0.536
-0.194,0.809,-0.517
-0.194,0.809,-0.517
-0.195,0.812,-0.506
-0.198,0.817,-0.497
-0.202,0.824,-0.49
-0.208,0.824,-0.478
-0.208,0.824,-0.478
-0.218,0.825,-0.466
-0.219,0.823,-0.456
-0.217,0.823,-0.451
-0.214,0.823,-0.439
-0.214,0.823,-0.439
-0.212,0.819,-0.441
-0.199,0.816,-0.446
-0.19,0.813,-0.438
-0.182,0.816,-0.44
-0.182,0.816,-0.44
-0.17,0.813,-0.444
-0.161,0.803,-0.442
-0.151,0.802,-0.444
-0.14,0.8,-0.446
-0.14,0.8,-0.446
-0.124,0.793,-0.45
-0.111,0.787,-0.45
-0.094,0.777,-0.451
-0.068,0.767,-0.439
-0.068,0.767,-0.439
-0.052,0.755,-0.434
-0.037,0.742,-0.422
-0.024,0.735,-0.407
-0.019,0.729,-0.406
-0.019,0.729,-0.406
-0.013,0.722,-0.397
-0.008,0.715,-0.389
-0.007,0.712,-0.375
-0.009,0.701,-0.362
-0.009,0.701,-0.362
-0.013,0.7,-0.343
-0.013,0.694,-0.326
-0.017,0.686,-0.311
-0.03,0.682,-0.296
-0.03,0.682,-0.296
-0.039,0.674,-0.273
-0.048,0.666,-0.255
-0.063,0.657,-0.23
-0.077,0.647,-0.218
-0.077,0.647,-0.218
-0.089,0.634,-0.203
-0.109,0.627,-0.19
-0.121,0.611,-0.171
-0.15,0.593,-0.156
-0.15,0.593,-0.156
-0.168,0.577,-0.147
-0.191,0.564,-0.145
-0.214,0.554,-0.132
-0.235,0.541,-0.132
-0.235,0.541,-0.132
-0.255,0.534,-0.133
-0.281,0.516,-0.134
-0.3,0.495,-0.138
-0.324,0.479,-0.144
-0.324,0.479,-0.144
-0.339,0.461,-0.144
-0.353,0.44,-0.151
-0.362,0.418,-0.162
-0.371,0.394,-0.168
-0.371,0.394,-0.168
-0.375,0.374,-0.182
-0.375,0.352,-0.19
-0.376,0.326,-0.195
-0.376,0.313,-0.204
-0.376,0.313,-0.204
-0.372,0.294,-0.215
-0.366,0.274,-0.222
-0.361,0.256,-0.231
-0.351,0.238,-0.237
-0.351,0.238,-0.237
-0.337,0.217,-0.242
-0.32,0.202,-0.241
-0.296,0.186,-0.249
-0.266,0.168,-0.249
-0.266,0.168,-0.249
-0.236,0.164,-0.255
-0.207,0.15,-0.256
-0.177,0.141,-0.256
-0.144,0.132,-0.261
-0.144,0.132,-0.261
-0.108,0.132,-0.267
-0.076,0.133,-0.272
-0.041,0.139,-0.287
-0.009,0.146,-0.296
-0.009,0.146,-0.296
0.021,0.158,-0.305
0.05,0.17,-0.311
0.074,0.186,-0.321
0.091,0.201,-0.335
0.091,0.201,-0.335
0.11,0.21,-0.333
0.124,0.23,-0.339
