mx,my,mz
0.197,1.01,0.254
0.197,0.996,0.235
0.202,0.983,0.223
0.202,0.983,0.223
0.195,0.973,0.204
0.195,0.964,0.19
0.202,0.958,0.166
0.202,0.958,0.138
0.211,0.954,0.138
0.224,0.942,0.114
0.233,0.929,0.078
0.242,0.917,0.054
0.242,0.917,0.054
0.25,0.899,0.017
0.255,0.884,-0.011
0.25,0.858,-0.054
0.242,0.835,-0.084
0.242,0.835,-0.084
0.226,0.812,-0.119
0.218,0.781,-0.149
0.205,0.751,-0.173
0.205,0.751,-0.196
0.19,0.722,-0.196
0.175,0.7,-0.211
0.17,0.671,-0.222
0.171,0.644,-0.231
0.171,0.644,-0.231
0.17,0.611,-0.236
0.172,0.589,-0.231
0.172,0.559,-0.236
0.165,0.536,-0.231
0.165,0.536,-0.231
0.16,0.517,-0.231
0.151,0.488,-0.234
0.144,0.461,-0.237
0.144,0.421,-0.242
0.136,0.421,-0.242
0.123,0.374,-0.244
0.109,0.339,-0.237
0.091,0.301,-0.223
0.091,0.301,-0.223
0.059,0.265,-0.2
0.022,0.242,-0.169
-0.021,0.224,-0.14
-0.074,0.214,-0.104
-0.074,0.214,-0.104
-0.134,0.225,-0.08
-0.2,0.25,-0.052
-0.269,0.289,-0.031
-0.269,0.324,-0.033
-0.33,0.324,-0.033
-0.387,0.368,-0.03
-0.438,0.42,-0.039
-0.479,0.477,-0.053
-0.479,0.477,-0.053
-0.507,0.539,-0.076
-0.531,0.603,-0.114
-0.531,0.658,-0.15
-0.536,0.71,-0.189
-0.536,0.71,-0.189
-0.526,0.753,-0.234
-0.503,0.792,-0.274
-0.481,0.825,-0.316
-0.481,0.848,-0.352
-0.449,0.848,-0.352
-0.415,0.865,-0.389
-0.375,0.873,-0.43
-0.337,0.875,-0.459
-0.337,0.875,-0.459
-0.298,0.873,-0.486
-0.26,0.865,-0.51
-0.219,0.852,-0.528
-0.173,0.835,-0.545
-0.173,0.835,-0.545
-0.126,0.81,-0.559
-0.088,0.783,-0.561
-0.051,0.75,-0.568
-0.025,0.721,-0.566
-0.025,0.721,-0.566
-0.005,0.688,-0.573
0.019,0.658,-0.572
0.035,0.623,-0.578
0.035,0.623,-0.578
0.048,0.592,-0.585
0.056,0.557,-0.586
0.056,0.53,-0.589
0.059,0.498,-0.589
0.059,0.498,-0.589
0.059,0.472,-0.588
0.052,0.445,-0.585
0.046,0.421,-0.591
0.042,0.397,-0.588
0.042,0.397,-0.588
0.029,0.377,-0.591
0.022,0.362,-0.597
0.014,0.347,-0.602
0.014,0.347,-0.602
0.0,0.337,-0.603
-0.014,0.331,-0.604
-0.023,0.318,-0.606
-0.029,0.311,-0.617
-0.029,0.311,-0.617
-0.038,0.303,-0.613
-0.048,0.3,-0.62
-0.06,0.295,-0.629
-0.072,0.3,-0.64
-0.072,0.3,-0.64
-0.084,0.301,-0.651
-0.098,0.307,-0.665
-0.115,0.309,-0.669
-0.115,0.309,-0.669
-0.127,0.313,-0.675
-0.136,0.323,-0.69
-0.154,0.326,-0.697
-0.166,0.334,-0.703
-0.166,0.334,-0.703
-0.178,0.343,-0.715
-0.19,0.354,-0.73
-0.2,0.368,-0.732
-0.213,0.376,-0.741
-0.213,0.376,-0.741
-0.219,0.39,-0.746
-0.235,0.402,-0.754
-0.247,0.414,-0.759
-0.247,0.414,-0.759
-0.263,0.432,-0.772
-0.271,0.438,-0.776
-0.287,0.456,-0.777
-0.309,0.466,-0.781
-0.309,0.466,-0.781
-0.323,0.487,-0.779
-0.347,0.507,-0.782
-0.368,0.527,-0.77
-0.393,0.549,-0.759
-0.393,0.549,-0.759
-0.415,0.574,-0.742
-0.444,0.593,-0.725
-0.466,0.617,-0.712
-0.466,0.617,-0.712
-0.488,0.639,-0.687
-0.501,0.665,-0.659
-0.515,0.68,-0.633
-0.52,0.69,-0.608
-0.52,0.69,-0.608
-0.526,0.706,-0.585
-0.528,0.716,-0.561
-0.532,0.723,-0.543
-0.54,0.726,-0.517
-0.54,0.726,-0.517
-0.543,0.729,-0.489
-0.542,0.737,-0.474
-0.547,0.742,-0.439
-0.547,0.742,-0.439
-0.547,0.739,-0.418
-0.543,0.743,-0.395
-0.539,0.743,-0.38
-0.531,0.744,-0.352
-0.531,0.744,-0.352
-0.526,0.744,-0.329
-0.518,0.737,-0.315
-0.521,0.737,-0.298
-0.518,0.732,-0.293
-0.518,0.732,-0.293
-0.511,0.738,-0.289
-0.515,0.733,-0.277
-0.518,0.737,-0.274
-0.518,0.737,-0.274
-0.51,0.743,-0.277
-0.511,0.746,-0.277
-0.51,0.752,-0.277
-0.508,0.755,-0.283
-0.508,0.755,-0.283
-0.505,0.763,-0.287
-0.499,0.766,-0.283
-0.495,0.764,-0.276
-0.485,0.769,-0.271
-0.485,0.769,-0.271
-0.476,0.773,-0.266
-0.458,0.778,-0.259
-0.449,0.778,-0.259
-0.449,0.778,-0.259
-0.432,0.783,-0.264
-0.419,0.784,-0.258
-0.403,0.795,-0.264
-0.384,0.801,-0.265
-0.384,0.801,-0.265
-0.37,0.8,-0.28
-0.352,0.81,-0.276
-0.331,0.811,-0.285
-0.31,0.817,-0.293
-0.31,0.817,-0.293
-0.292,0.824,-0.304
-0.271,0.83,-0.307
-0.256,0.829,-0.318
-0.256,0.829,-0.318
-0.244,0.827,-0.324
-0.226,0.826,-0.338
-0.215,0.825,-0.338
-0.202,0.822,-0.347
-0.202,0.822,-0.347
-0.187,0.824,-0.358
-0.173,0.819,-0.371
-0.16,0.819,-0.38
-0.145,0.811,-0.398
-0.145,0.811,-0.398
-0.128,0.806,-0.415
-0.113,0.799,-0.431
-0.09,0.789,-0.442
-0.09,0.789,-0.442
-0.079,0.781,-0.464
-0.064,0.767,-0.477
-0.048,0.757,-0.494
-0.042,0.741,-0.505
-0.042,0.741,-0.505
-0.022,0.727,-0.53
-0.018,0.705,-0.556
-0.005,0.678,-0.577
0.007,0.649,-0.603
0.007,0.649,-0.603
0.016,0.615,-0.618
0.018,0.586,-0.626
0.022,0.561,-0.624
0.022,0.561,-0.624
0.02,0.542,-0.631
0.011,0.522,-0.634
-0.001,0.501,-0.643
-0.016,0.486,-0.641
-0.016,0.486,-0.641
-0.024,0.479,-0.634
-0.033,0.479,-0.636
-0.043,0.476,-0.633
-0.05,0.483,-0.619
-0.05,0.483,-0.619
-0.051,0.492,-0.612
-0.053,0.51,-0.603
-0.06,0.533,-0.604
-0.06,0.533,-0.604
-0.055,0.56,-0.597
-0.053,0.587,-0.591
-0.042,0.62,-0.581
-0.032,0.651,-0.568
-0.032,0.651,-0.568
-0.017,0.675,-0.545
0.009,0.7,-0.517
0.05,0.716,-0.49
0.092,0.727,-0.461
0.092,0.727,-0.461
0.137,0.726,-0.423
0.191,0.722,-0.389
0.227,0.716,-0.351
0.227,0.716,-0.351
0.267,0.701,-0.307
0.306,0.676,-0.268
0.342,0.643,-0.222
0.363,0.606,-0.181
0.363,0.606,-0.181
0.387,0.559,-0.136
0.403,0.505,-0.094
0.412,0.45,-0.064
0.418,0.403,-0.035
0.418,0.403,-0.035
0.419,0.368,-0.011
0.418,0.331,0.004
0.421,0.302,0.021
0.421,0.302,0.021
0.419,0.266,0.049
0.409,0.231,0.067
0.402,0.193,0.078
0.383,0.158,0.098
0.383,0.158,0.098
0.362,0.139,0.11
0.329,0.133,0.135
0.305,0.125,0.159
0.272,0.118,0.172
0.272,0.118,0.172
0.242,0.107,0.195
0.217,0.1,0.21
0.193,0.092,0.223
0.193,0.092,0.223
0.172,0.085,0.239
0.152,0.093,0.253
0.128,0.095,0.27
0.115,0.099,0.283
0.115,0.099,0.283
0.098,0.11,0.303
0.079,0.109,0.32
0.059,0.115,0.336
0.042,0.122,0.349
0.042,0.122,0.349
0.023,0.132,0.362
-0.001,0.135,0.378
-0.021,0.134,0.383
-0.021,0.134,0.383
-0.038,0.132,0.396
-0.053,0.144,0.398
-0.066,0.157,0.407
-0.068,0.175,0.411
-0.068,0.175,0.411
-0.074,0.188,0.427
-0.075,0.206,0.439
-0.083,0.224,0.448
-0.09,0.245,0.461
-0.09,0.245,0.461
-0.091,0.277,0.474
-0.089,0.315,0.486
-0.085,0.356,0.484
-0.085,0.356,0.484
-0.08,0.387,0.493
-0.065,0.428,0.493
-0.053,0.461,0.505
-0.035,0.487,0.494
-0.035,0.487,0.494
-0.022,0.512,0.488
-0.007,0.536,0.468
0.015,0.568,0.446
0.036,0.586,0.423
0.036,0.586,0.423
0.059,0.597,0.403
0.084,0.606,0.383
0.109,0.608,0.356
0.109,0.608,0.356
0.128,0.607,0.335
0.152,0.597,0.311
0.167,0.577,0.3
0.179,0.547,0.289
0.179,0.547,0.289
0.194,0.528,0.27
0.214,0.501,0.251
0.227,0.482,0.228
0.234,0.461,0.203
0.234,0.461,0.203
0.235,0.447,0.184
0.235,0.431,0.152
0.235,0.421,0.126
0.235,0.421,0.126
0.238,0.408,0.088
0.237,0.402,0.057
0.235,0.381,0.02
0.234,0.369,-0.0
0.234,0.369,-0.0
0.224,0.353,-0.039
0.221,0.343,-0.065
0.215,0.324,-0.089
0.198,0.311,-0.099
0.198,0.311,-0.099
0.175,0.318,-0.108
0.159,0.348,-0.11
0.14,0.391,-0.113
0.14,0.391,-0.113
0.127,0.443,-0.132
0.127,0.493,-0.15
0.114,0.523,-0.169
0.113,0.547,-0.19
0.113,0.547,-0.19
0.121,0.56,-0.206
0.129,0.567,-0.236
0.139,0.572,-0.259
0.155,0.567,-0.282
0.155,0.567,-0.282
0.17,0.555,-0.308
0.186,0.553,-0.327
0.186,0.546,-0.342
0.186,0.546,-0.342
0.19,0.546,-0.359
0.196,0.548,-0.381
0.196,0.543,-0.401
0.206,0.531,-0.407
0.206,0.531,-0.407
0.209,0.526,-0.422
0.213,0.511,-0.441
0.214,0.502,-0.455
0.219,0.488,-0.474
0.219,0.488,-0.474
0.223,0.476,-0.483
0.222,0.467,-0.503
0.224,0.458,-0.508
0.224,0.458,-0.508
0.224,0.456,-0.522
0.227,0.454,-0.523
0.22,0.443,-0.527
0.221,0.435,-0.543
0.221,0.435,-0.543
0.213,0.411,-0.555
0.208,0.387,-0.572
0.205,0.359,-0.591
0.192,0.326,-0.612
0.192,0.326,-0.612
0.174,0.292,-0.626
0.159,0.256,-0.649
0.129,0.223,-0.661
0.129,0.223,-0.661
0.108,0.193,-0.687
0.084,0.167,-0.698
0.057,0.146,-0.702
0.031,0.133,-0.702
0.031,0.133,-0.702
0.009,0.12,-0.723
-0.017,0.108,-0.725
-0.037,0.101,-0.738
-0.069,0.1,-0.74
-0.069,0.1,-0.74
-0.092,0.104,-0.754
-0.123,0.105,-0.761
-0.155,0.112,-0.77
-0.155,0.112,-0.77
-0.193,0.117,-0.769
-0.222,0.119,-0.771
-0.247,0.123,-0.775
-0.268,0.13,-0.776
-0.268,0.13,-0.776
-0.289,0.141,-0.774
-0.308,0.159,-0.783
-0.325,0.18,-0.792
-0.347,0.204,-0.793
-0.347,0.204,-0.793
-0.363,0.227,-0.804
-0.379,0.249,-0.805
-0.394,0.275,-0.804
-0.394,0.275,-0.804
-0.403,0.293,-0.807
-0.413,0.316,-0.815
-0.418,0.33,-0.807
-0.419,0.342,-0.809
-0.419,0.342,-0.809
-0.42,0.351,-0.804
-0.412,0.364,-0.818
-0.403,0.37,-0.82
-0.387,0.393,-0.818
-0.387,0.393,-0.818
-0.371,0.408,-0.824
-0.345,0.425,-0.838
-0.327,0.446,-0.826
-0.327,0.446,-0.826
-0.302,0.468,-0.824
-0.279,0.493,-0.822
-0.259,0.509,-0.822
-0.23,0.524,-0.81
-0.23,0.524,-0.81
-0.203,0.539,-0.799
-0.17,0.553,-0.788
-0.133,0.566,-0.774
-0.097,0.57,-0.746
-0.097,0.57,-0.746
-0.054,0.571,-0.719
-0.012,0.571,-0.682
0.035,0.555,-0.638
0.035,0.555,-0.638
0.077,0.541,-0.581
0.104,0.532,-0.507
0.122,0.512,-0.454
0.117,0.503,-0.41
0.117,0.503,-0.41
0.119,0.499,-0.395
0.12,0.49,-0.39
0.117,0.484,-0.383
0.119,0.474,-0.374
0.119,0.474,-0.374
0.116,0.468,-0.354
0.112,0.457,-0.352
0.109,0.445,-0.34
0.109,0.445,-0.34
0.102,0.426,-0.333
0.098,0.414,-0.312
0.093,0.388,-0.284
0.069,0.37,-0.252
0.069,0.37,-0.252
0.052,0.367,-0.237
0.047,0.363,-0.229
0.039,0.362,-0.235
0.034,0.363,-0.223
0.034,0.363,-0.223
0.027,0.362,-0.227
0.025,0.36,-0.224
0.024,0.353,-0.224
0.024,0.353,-0.224
0.023,0.347,-0.231
0.018,0.344,-0.235
0.021,0.344,-0.237
0.023,0.344,-0.236
0.023,0.344,-0.236
0.019,0.347,-0.238
0.028,0.351,-0.24
0.036,0.355,-0.243
0.039,0.364,-0.241
0.039,0.364,-0.241
0.041,0.383,-0.24
0.046,0.395,-0.235
0.047,0.413,-0.224
0.047,0.413,-0.224
0.051,0.431,-0.211
0.051,0.445,-0.199
0.046,0.457,-0.187
0.048,0.46,-0.166
0.048,0.46,-0.166
0.051,0.455,-0.155
0.047,0.445,-0.132
0.047,0.431,-0.112
0.042,0.411,-0.094
0.042,0.411,-0.094
0.037,0.395,-0.076
0.031,0.388,-0.051
0.019,0.378,-0.027
0.019,0.378,-0.027
0.006,0.365,-0.004
-0.005,0.352,0.014
-0.024,0.329,0.027
-0.038,0.303,0.036
-0.038,0.303,0.036
-0.052,0.279,0.052
-0.066,0.255,0.063
-0.078,0.235,0.068
-0.091,0.212,0.071
-0.091,0.212,0.071
-0.098,0.187,0.066
-0.102,0.17,0.057
-0.1,0.149,0.051
-0.1,0.149,0.051
-0.098,0.134,0.043
-0.1,0.119,0.043
-0.104,0.111,0.04
-0.113,0.106,0.03
-0.113,0.106,0.03
-0.11,0.1,0.024
-0.109,0.102,0.027
-0.107,0.092,0.014
-0.098,0.086,-0.01
-0.098,0.086,-0.01
-0.086,0.079,-0.02
-0.081,0.078,-0.031
-0.079,0.079,-0.027
-0.079,0.079,-0.027
-0.085,0.084,-0.033
-0.085,0.087,-0.041
-0.088,0.076,-0.052
-0.089,0.056,-0.059
-0.089,0.056,-0.059
-0.088,0.042,-0.071
-0.079,0.041,-0.074
-0.075,0.035,-0.085
-0.066,0.025,-0.095
-0.066,0.025,-0.095
-0.06,0.017,-0.104
-0.056,0.009,-0.115
-0.052,0.0,-0.125
-0.052,0.0,-0.125
-0.049,-0.01,-0.131
-0.045,-0.018,-0.149
-0.044,-0.037,-0.16
-0.038,-0.049,-0.178
-0.038,-0.049,-0.178
-0.039,-0.068,-0.201
-0.042,-0.087,-0.228
-0.049,-0.112,-0.26
-0.052,-0.135,-0.302
-0.052,-0.135,-0.302
-0.067,-0.156,-0.341
-0.08,-0.171,-0.373
-0.112,-0.182,-0.402
-0.112,-0.182,-0.402
-0.131,-0.192,-0.438
-0.153,-0.196,-0.468
-0.17,-0.2,-0.495
-0.183,-0.197,-0.529
-0.183,-0.197,-0.529
-0.191,-0.192,-0.557
-0.204,-0.183,-0.582
-0.217,-0.178,-0.602
-0.228,-0.169,-0.618
-0.228,-0.169,-0.618
-0.241,-0.158,-0.645
-0.251,-0.15,-0.663
-0.258,-0.137,-0.676
-0.258,-0.137,-0.676
-0.258,-0.127,-0.696
-0.262,-0.118,-0.701
-0.267,-0.119,-0.719
-0.267,-0.11,-0.727
-0.267,-0.11,-0.727
-0.268,-0.101,-0.74
-0.278,-0.097,-0.746
-0.281,-0.09,-0.759
-0.29,-0.081,-0.775
-0.29,-0.081,-0.775
-0.298,-0.081,-0.79
-0.299,-0.08,-0.786
-0.305,-0.073,-0.789
-0.305,-0.073,-0.789
-0.331,-0.068,-0.794
-0.349,-0.057,-0.793
-0.352,-0.057,-0.8
-0.358,-0.06,-0.794
-0.358,-0.06,-0.794
-0.367,-0.063,-0.784
-0.383,-0.068,-0.788
-0.401,-0.06,-0.789
-0.417,-0.052,-0.801
-0.417,-0.052,-0.801
-0.445,-0.037,-0.807
-0.481,-0.014,-0.809
-0.522,0.014,-0.814
-0.522,0.014,-0.814
-0.569,0.05,-0.82
-0.594,0.083,-0.83
-0.626,0.121,-0.835
-0.638,0.147,-0.846
-0.638,0.147,-0.846
-0.652,0.172,-0.846
-0.649,0.197,-0.856
-0.652,0.213,-0.859
-0.659,0.231,-0.853
-0.659,0.231,-0.853
-0.661,0.241,-0.852
-0.661,0.244,-0.849
-0.667,0.254,-0.841
-0.667,0.254,-0.841
-0.673,0.257,-0.836
-0.676,0.263,-0.828
-0.683,0.272,-0.829
-0.681,0.28,-0.824
-0.681,0.28,-0.824
-0.686,0.284,-0.811
-0.691,0.288,-0.807
-0.699,0.308,-0.799
-0.712,0.328,-0.791
-0.712,0.328,-0.791
-0.723,0.367,-0.795
-0.728,0.409,-0.791
-0.723,0.448,-0.785
-0.723,0.448,-0.785
-0.72,0.487,-0.782
-0.718,0.523,-0.78
-0.704,0.542,-0.786
-0.686,0.564,-0.789
-0.686,0.564,-0.789
-0.672,0.571,-0.786
-0.663,0.574,-0.782
-0.651,0.577,-0.774
-0.635,0.582,-0.773
-0.635,0.582,-0.773
-0.633,0.587,-0.77
-0.63,0.584,-0.767
-0.629,0.581,-0.758
-0.629,0.581,-0.758
-0.625,0.575,-0.76
-0.626,0.565,-0.761
-0.623,0.561,-0.747
-0.625,0.549,-0.748
-0.625,0.549,-0.748
-0.623,0.546,-0.743
-0.627,0.552,-0.728
-0.626,0.549,-0.723
-0.619,0.552,-0.716
-0.619,0.552,-0.716
-0.608,0.556,-0.712
-0.608,0.557,-0.704
-0.605,0.564,-0.708
-0.605,0.564,-0.708
-0.602,0.573,-0.704
-0.593,0.578,-0.697
-0.588,0.585,-0.696
-0.579,0.59,-0.695
-0.579,0.59,-0.695
-0.578,0.598,-0.691
-0.567,0.602,-0.689
-0.565,0.609,-0.689
-0.557,0.613,-0.685
-0.557,0.613,-0.685
-0.556,0.623,-0.676
-0.553,0.628,-0.664
-0.548,0.64,-0.668
-0.548,0.64,-0.668
-0.553,0.649,-0.66
-0.548,0.655,-0.647
-0.547,0.666,-0.634
-0.543,0.681,-0.624
-0.543,0.681,-0.624
-0.545,0.685,-0.617
-0.548,0.701,-0.601
-0.548,0.713,-0.59
-0.544,0.723,-0.573
-0.544,0.723,-0.573
-0.547,0.731,-0.564
-0.551,0.737,-0.549
-0.55,0.743,-0.527
-0.55,0.743,-0.527
-0.552,0.746,-0.508
-0.555,0.747,-0.486
-0.554,0.755,-0.468
-0.559,0.765,-0.454
-0.559,0.765,-0.454
-0.562,0.767,-0.434
-0.561,0.766,-0.422
-0.559,0.763,-0.397
-0.555,0.758,-0.377
-0.555,0.758,-0.377
-0.559,0.756,-0.368
-0.556,0.756,-0.348
-0.554,0.752,-0.334
-0.554,0.752,-0.334
-0.554,0.746,-0.323
-0.551,0.747,-0.315
-0.559,0.746,-0.313
-0.566,0.744,-0.31
-0.566,0.744,-0.31
-0.572,0.744,-0.317
-0.574,0.735,-0.312
-0.589,0.732,-0.315
-0.597,0.726,-0.322
-0.597,0.726,-0.322
-0.609,0.72,-0.322
-0.613,0.712,-0.321
-0.632,0.7,-0.32
-0.632,0.7,-0.32
-0.636,0.69,-0.319
-0.646,0.679,-0.314
-0.645,0.665,-0.305
-0.651,0.656,-0.301
-0.651,0.656,-0.301
-0.657,0.642,-0.291
-0.655,0.629,-0.284
-0.661,0.625,-0.268
-0.655,0.627,-0.262
-0.655,0.627,-0.262
-0.653,0.631,-0.264
-0.661,0.634,-0.284
-0.674,0.632,-0.29
-0.674,0.632,-0.29
-0.69,0.623,-0.296
-0.708,0.598,-0.311
-0.724,0.574,-0.32
-0.739,0.547,-0.314
-0.739,0.547,-0.314
-0.751,0.527,-0.309
-0.76,0.488,-0.305
-0.761,0.46,-0.287
-0.76,0.435,-0.27
-0.76,0.435,-0.27
-0.757,0.41,-0.251
-0.744,0.395,-0.233
-0.744,0.376,-0.215
-0.744,0.376,-0.215
-0.73,0.367,-0.199
-0.721,0.356,-0.181
-0.717,0.345,-0.171
-0.71,0.337,-0.157
-0.71,0.337,-0.157
-0.697,0.333,-0.145
-0.69,0.327,-0.143
-0.681,0.332,-0.132
-0.679,0.331,-0.127
-0.679,0.331,-0.127
-0.672,0.333,-0.12
-0.666,0.343,-0.118
-0.666,0.35,-0.111
-0.666,0.35,-0.111
-0.66,0.359,-0.111
-0.658,0.368,-0.115
-0.655,0.383,-0.115
-0.654,0.397,-0.122
-0.654,0.397,-0.122
-0.645,0.415,-0.118
-0.64,0.429,-0.119
-0.631,0.448,-0.118
-0.619,0.455,-0.113
-0.619,0.455,-0.113
-0.614,0.466,-0.109
-0.603,0.471,-0.103
-0.592,0.48,-0.103
-0.592,0.48,-0.104
-0.585,0.492,-0.104
-0.573,0.507,-0.108
-0.566,0.531,-0.111
-0.564,0.552,-0.125
-0.564,0.552,-0.125
-0.552,0.587,-0.128
-0.537,0.616,-0.149
-0.533,0.649,-0.166
-0.526,0.677,-0.189
-0.526,0.677,-0.189
-0.52,0.703,-0.219
-0.527,0.723,-0.251
-0.537,0.739,-0.283
-0.537,0.739,-0.323
-0.548,0.745,-0.323
-0.565,0.738,-0.36
-0.579,0.736,-0.39
-0.595,0.721,-0.423
-0.595,0.721,-0.423
-0.614,0.7,-0.456
-0.625,0.683,-0.486
-0.64,0.656,-0.501
-0.65,0.634,-0.52
-0.65,0.634,-0.52
-0.661,0.612,-0.537
-0.667,0.592,-0.554
-0.669,0.576,-0.573
-0.669,0.576,-0.581
-0.666,0.562,-0.581
-0.669,0.548,-0.592
-0.676,0.533,-0.606
-0.676,0.511,-0.616
-0.676,0.511,-0.616
-0.675,0.492,-0.622
-0.677,0.473,-0.629
-0.679,0.456,-0.636
-0.679,0.434,-0.655
-0.679,0.434,-0.655
-0.663,0.411,-0.666
-0.652,0.387,-0.684
-0.646,0.375,-0.697
-0.646,0.375,-0.698
-0.643,0.356,-0.698
-0.635,0.337,-0.708
-0.633,0.318,-0.705
-0.632,0.299,-0.699
-0.632,0.299,-0.699
-0.633,0.273,-0.706
-0.62,0.253,-0.692
-0.612,0.231,-0.699
-0.611,0.205,-0.696
-0.611,0.205,-0.696
-0.605,0.188,-0.687
-0.598,0.164,-0.685
-0.588,0.145,-0.684
-0.588,0.145,-0.682
-0.58,0.124,-0.682
-0.568,0.101,-0.678
-0.554,0.083,-0.675
-0.541,0.069,-0.67
-0.541,0.069,-0.67
-0.53,0.05,-0.669
-0.521,0.039,-0.665
-0.51,0.026,-0.661
-0.499,0.017,-0.653
-0.499,0.017,-0.653
-0.478,0.006,-0.643
-0.466,-0.006,-0.635
-0.453,-0.025,-0.63
-0.453,-0.025,-0.618
-0.437,-0.035,-0.618
-0.414,-0.047,-0.608
-0.39,-0.063,-0.597
-0.375,-0.073,-0.59
-0.375,-0.073,-0.59
-0.353,-0.085,-0.579
-0.334,-0.095,-0.565
-0.313,-0.103,-0.555
-0.291,-0.11,-0.548
-0.291,-0.11,-0.548
-0.277,-0.108,-0.538
-0.26,-0.113,-0.535
-0.238,-0.117,-0.521
-0.238,-0.116,-0.516
-0.223,-0.116,-0.516
-0.213,-0.126,-0.508
-0.202,-0.122,-0.499
-0.189,-0.121,-0.486
-0.189,-0.121,-0.486
-0.182,-0.12,-0.479
-0.174,-0.122,-0.475
-0.169,-0.119,-0.463
-0.16,-0.121,-0.45
-0.16,-0.121,-0.45
-0.163,-0.116,-0.449
-0.166,-0.117,-0.444
-0.165,-0.124,-0.441
-0.165,-0.12,-0.429
-0.161,-0.12,-0.429
-0.161,-0.12,-0.426
-0.147,-0.121,-0.419
-0.144,-0.119,-0.414
-0.144,-0.119,-0.414
-0.138,-0.116,-0.401
-0.128,-0.112,-0.392
-0.122,-0.114,-0.395
-0.118,-0.116,-0.39
-0.118,-0.116,-0.39
-0.11,-0.104,-0.389
-0.109,-0.106,-0.391
-0.104,-0.102,-0.399
-0.104,-0.1,-0.408
-0.1,-0.1,-0.408
-0.095,-0.102,-0.42
-0.095,-0.101,-0.427
-0.096,-0.098,-0.432
-0.096,-0.098,-0.432
-0.093,-0.1,-0.434
-0.089,-0.105,-0.43
-0.092,-0.1,-0.437
-0.089,-0.104,-0.436
-0.089,-0.104,-0.436
-0.088,-0.109,-0.449
-0.095,-0.113,-0.461
-0.101,-0.116,-0.464
-0.101,-0.115,-0.462
-0.103,-0.115,-0.462
-0.093,-0.109,-0.458
-0.078,-0.099,-0.453
-0.055,-0.088,-0.446
-0.055,-0.088,-0.446
-0.036,-0.073,-0.441
-0.021,-0.057,-0.426
-0.003,-0.039,-0.417
0.017,-0.022,-0.417
0.017,-0.022,-0.417
0.031,-0.001,-0.426
0.057,0.023,-0.434
0.072,0.041,-0.452
0.072,0.064,-0.468
0.086,0.064,-0.468
0.102,0.091,-0.485
0.12,0.127,-0.503
0.126,0.157,-0.522
0.126,0.157,-0.522
0.137,0.183,-0.553
0.133,0.202,-0.567
0.129,0.21,-0.576
0.13,0.22,-0.58
0.13,0.22,-0.58
0.125,0.22,-0.582
0.12,0.212,-0.58
0.113,0.202,-0.585
0.113,0.196,-0.584
0.105,0.196,-0.584
0.098,0.185,-0.583
0.09,0.177,-0.601
0.082,0.172,-0.599
0.082,0.172,-0.599
0.08,0.165,-0.606
0.07,0.163,-0.624
0.057,0.157,-0.643
0.045,0.155,-0.659
0.045,0.155,-0.659
0.015,0.146,-0.679
-0.014,0.131,-0.698
-0.035,0.127,-0.717
-0.035,0.114,-0.725
-0.064,0.114,-0.725
-0.081,0.099,-0.736
-0.105,0.091,-0.732
-0.12,0.081,-0.731
-0.12,0.081,-0.731
-0.133,0.069,-0.734
-0.144,0.062,-0.726
-0.153,0.057,-0.713
-0.153,0.046,-0.705
-0.153,0.046,-0.705
-0.159,0.031,-0.699
-0.164,0.025,-0.689
-0.171,0.018,-0.685
-0.171,0.009,-0.676
-0.185,0.009,-0.676
-0.214,0.001,-0.674
-0.237,-0.004,-0.678
-0.271,-0.005,-0.672
-0.271,-0.005,-0.672
-0.306,-0.015,-0.664
-0.34,-0.008,-0.662
-0.366,-0.014,-0.654
-0.395,-0.017,-0.645
-0.395,-0.017,-0.645
-0.424,-0.004,-0.636
-0.447,-0.007,-0.633
-0.47,0.004,-0.633
-0.478,0.007,-0.632
-0.478,0.007,-0.632
-0.479,0.01,-0.64
-0.474,0.01,-0.645
-0.469,0.017,-0.655
-0.469,0.017,-0.655
-0.469,0.018,-0.667
-0.471,0.028,-0.672
-0.468,0.034,-0.684
-0.467,0.037,-0.687
-0.467,0.037,-0.687
-0.466,0.046,-0.687
-0.467,0.058,-0.697
-0.467,0.06,-0.697
-0.47,0.065,-0.704
-0.47,0.065,-0.704
-0.475,0.066,-0.712
-0.478,0.077,-0.712
-0.476,0.078,-0.711
-0.476,0.078,-0.711
-0.478,0.077,-0.718
-0.489,0.086,-0.714
-0.494,0.086,-0.713
-0.508,0.082,-0.721
-0.508,0.082,-0.721
-0.519,0.089,-0.732
-0.531,0.085,-0.714
-0.544,0.086,-0.718
-0.558,0.087,-0.718
-0.558,0.087,-0.718
-0.572,0.093,-0.715
-0.586,0.099,-0.718
-0.603,0.112,-0.714
-0.603,0.112,-0.714
-0.623,0.122,-0.709
-0.639,0.133,-0.714
-0.658,0.142,-0.702
-0.677,0.151,-0.692
-0.677,0.151,-0.692
-0.694,0.158,-0.677
-0.71,0.166,-0.663
-0.732,0.172,-0.65
-0.749,0.181,-0.633
-0.749,0.181,-0.633
-0.763,0.19,-0.621
-0.781,0.203,-0.604
-0.8,0.21,-0.583
-0.8,0.21,-0.583
-0.819,0.222,-0.555
-0.843,0.239,-0.516
-0.857,0.256,-0.465
-0.876,0.283,-0.405
-0.876,0.283,-0.405
-0.88,0.321,-0.34
-0.883,0.361,-0.274
-0.865,0.399,-0.219
-0.837,0.44,-0.169
-0.837,0.44,-0.169
-0.811,0.468,-0.115
-0.778,0.489,-0.063
-0.733,0.503,-0.005
-0.733,0.503,-0.005
-0.691,0.503,0.033
-0.646,0.491,0.069
-0.602,0.475,0.101
-0.568,0.461,0.122
-0.568,0.461,0.122
-0.532,0.449,0.138
-0.502,0.43,0.153
-0.465,0.41,0.169
-0.425,0.393,0.18
-0.425,0.393,0.18
-0.383,0.372,0.192
-0.344,0.36,0.186
-0.302,0.359,0.189
-0.302,0.359,0.189
-0.252,0.362,0.184
-0.206,0.367,0.164
-0.153,0.374,0.136
-0.102,0.379,0.1
-0.102,0.379,0.1
-0.052,0.395,0.07
-0.013,0.41,0.019
0.013,0.427,-0.015
0.035,0.449,-0.055
0.035,0.449,-0.055
0.052,0.469,-0.086
0.071,0.49,-0.109
0.077,0.508,-0.14
0.077,0.508,-0.14
0.09,0.524,-0.171
0.094,0.538,-0.195
0.095,0.547,-0.209
0.096,0.552,-0.222
0.096,0.552,-0.222
0.1,0.563,-0.247
0.102,0.567,-0.263
0.105,0.573,-0.291
0.114,0.588,-0.309
0.114,0.588,-0.309
0.109,0.599,-0.337
0.106,0.602,-0.353
0.107,0.611,-0.362
0.107,0.611,-0.362
0.105,0.609,-0.37
0.104,0.617,-0.368
0.098,0.619,-0.367
0.091,0.626,-0.366
0.091,0.626,-0.366
0.085,0.637,-0.369
0.079,0.649,-0.37
0.079,0.654,-0.381
0.082,0.648,-0.377
0.082,0.648,-0.377
0.079,0.643,-0.371
0.089,0.635,-0.369
0.095,0.626,-0.377
0.095,0.626,-0.377
0.101,0.615,-0.378
0.104,0.607,-0.396
0.117,0.599,-0.418
0.117,0.604,-0.434
0.117,0.604,-0.434
0.118,0.599,-0.437
0.114,0.601,-0.439
0.116,0.606,-0.44
