mx,my,mz
-0.541,0.6,-0.362
-0.543,0.597,-0.359
-0.539,0.595,-0.356
-0.537,0.593,-0.359
-0.537,0.593,-0.357
-0.542,0.589,-0.357
-0.545,0.592,-0.359
-0.542,0.587,-0.362
-0.542,0.585,-0.352
-0.549,0.586,-0.36
-0.55,0.585,-0.352
-0.55,0.584,-0.357
-0.551,0.584,-0.357
-0.548,0.583,-0.353
-0.551,0.581,-0.352
-0.556,0.582,-0.342
-0.553,0.584,-0.341
-0.551,0.581,-0.35
-0.554,0.575,-0.342
-0.554,0.575,-0.342
-0.552,0.58,-0.341
-0.552,0.577,-0.336
-0.551,0.577,-0.339
-0.553,0.577,-0.335
-0.552,0.572,-0.332
-0.555,0.575,-0.33
-0.555,0.575,-0.33
-0.553,0.571,-0.323
-0.554,0.572,-0.319
-0.553,0.573,-0.316
-0.553,0.573,-0.31
-0.556,0.573,-0.305
-0.552,0.568,-0.303
-0.552,0.568,-0.303
-0.552,0.569,-0.295
-0.555,0.569,-0.29
-0.554,0.573,-0.285
-0.547,0.571,-0.283
-0.546,0.572,-0.277
-0.547,0.568,-0.264
-0.547,0.568,-0.264
-0.54,0.567,-0.248
-0.541,0.564,-0.235
-0.534,0.552,-0.22
-0.527,0.549,-0.207
-0.529,0.538,-0.198
-0.522,0.527,-0.189
-0.522,0.527,-0.189
-0.516,0.508,-0.182
-0.517,0.509,-0.17
-0.519,0.497,-0.165
-0.515,0.494,-0.164
-0.517,0.487,-0.158
-0.519,0.481,-0.159
-0.519,0.481,-0.159
-0.52,0.482,-0.161
-0.521,0.474,-0.165
-0.521,0.472,-0.167
-0.524,0.464,-0.169
-0.527,0.464,-0.169
-0.532,0.464,-0.175
-0.532,0.463,-0.183
-0.536,0.463,-0.183
-0.542,0.465,-0.19
-0.548,0.463,-0.201
-0.556,0.466,-0.218
-0.565,0.467,-0.237
-0.572,0.471,-0.241
-0.575,0.478,-0.251
-0.575,0.478,-0.251
-0.579,0.486,-0.26
-0.577,0.49,-0.265
-0.58,0.494,-0.261
-0.577,0.498,-0.264
-0.575,0.508,-0.268
-0.578,0.514,-0.268
-0.578,0.514,-0.268
-0.575,0.524,-0.271
-0.575,0.53,-0.269
-0.571,0.534,-0.273
-0.568,0.54,-0.267
-0.567,0.545,-0.263
-0.564,0.552,-0.258
-0.564,0.552,-0.258
-0.564,0.558,-0.249
-0.556,0.566,-0.244
-0.55,0.576,-0.233
-0.537,0.585,-0.215
-0.524,0.589,-0.21
-0.514,0.593,-0.193
-0.514,0.593,-0.193
-0.496,0.601,-0.173
-0.482,0.6,-0.157
-0.466,0.603,-0.148
-0.448,0.605,-0.137
-0.435,0.606,-0.131
-0.421,0.61,-0.128
-0.421,0.61,-0.128
-0.407,0.612,-0.124
-0.391,0.616,-0.113
-0.378,0.605,-0.104
-0.362,0.604,-0.097
-0.354,0.601,-0.089
-0.344,0.591,-0.08
-0.344,0.591,-0.08
-0.34,0.578,-0.074
-0.33,0.566,-0.067
-0.331,0.543,-0.055
-0.327,0.524,-0.047
-0.315,0.501,-0.049
-0.304,0.48,-0.037
-0.304,0.48,-0.038
-0.298,0.457,-0.038
-0.293,0.444,-0.032
-0.28,0.44,-0.03
-0.269,0.441,-0.028
-0.258,0.442,-0.021
-0.251,0.445,-0.027
-0.241,0.441,-0.032
-0.241,0.441,-0.032
-0.231,0.443,-0.029
-0.224,0.441,-0.025
-0.217,0.439,-0.028
-0.204,0.438,-0.03
-0.2,0.44,-0.028
-0.195,0.442,-0.031
-0.195,0.442,-0.031
-0.196,0.442,-0.025
-0.19,0.444,-0.028
-0.183,0.446,-0.031
-0.174,0.452,-0.028
-0.173,0.456,-0.028
-0.169,0.461,-0.026
-0.169,0.461,-0.026
-0.166,0.464,-0.027
-0.161,0.469,-0.024
-0.157,0.479,-0.031
-0.155,0.485,-0.032
-0.148,0.494,-0.036
-0.143,0.504,-0.033
-0.143,0.504,-0.033
-0.141,0.515,-0.032
-0.138,0.525,-0.043
-0.14,0.537,-0.047
-0.141,0.552,-0.051
-0.144,0.565,-0.056
-0.145,0.577,-0.072
-0.145,0.577,-0.072
-0.14,0.596,-0.079
-0.14,0.605,-0.085
-0.138,0.616,-0.091
-0.132,0.63,-0.102
-0.133,0.645,-0.115
-0.135,0.66,-0.125
-0.135,0.66,-0.125
-0.127,0.672,-0.134
-0.129,0.682,-0.144
-0.126,0.693,-0.161
-0.124,0.702,-0.174
-0.127,0.713,-0.192
-0.13,0.718,-0.202
-0.13,0.718,-0.213
-0.127,0.724,-0.213
-0.13,0.734,-0.23
-0.129,0.742,-0.253
-0.136,0.745,-0.268
-0.144,0.752,-0.284
-0.148,0.758,-0.313
-0.148,0.761,-0.327
-0.154,0.761,-0.327
-0.164,0.766,-0.343
-0.178,0.767,-0.35
-0.199,0.771,-0.369
-0.221,0.775,-0.387
-0.241,0.771,-0.403
-0.268,0.768,-0.419
-0.268,0.768,-0.419
-0.295,0.761,-0.435
-0.323,0.747,-0.449
-0.35,0.732,-0.464
-0.377,0.712,-0.478
-0.404,0.691,-0.497
-0.425,0.665,-0.52
-0.425,0.665,-0.52
-0.446,0.635,-0.538
-0.457,0.61,-0.55
-0.466,0.585,-0.555
-0.479,0.566,-0.555
-0.486,0.545,-0.556
-0.493,0.525,-0.557
-0.493,0.525,-0.557
-0.498,0.505,-0.551
-0.512,0.494,-0.552
-0.515,0.472,-0.546
-0.528,0.46,-0.535
-0.543,0.444,-0.533
-0.552,0.427,-0.532
-0.552,0.427,-0.532
-0.562,0.417,-0.521
-0.581,0.41,-0.504
-0.598,0.392,-0.501
-0.618,0.37,-0.503
-0.637,0.349,-0.518
-0.653,0.319,-0.542
-0.653,0.319,-0.542
-0.656,0.289,-0.572
-0.648,0.263,-0.618
-0.613,0.257,-0.649
-0.576,0.271,-0.659
-0.531,0.3,-0.648
-0.502,0.329,-0.625
-0.502,0.329,-0.625
-0.478,0.347,-0.592
-0.465,0.36,-0.576
-0.461,0.358,-0.567
-0.452,0.362,-0.554
-0.451,0.357,-0.554
-0.455,0.354,-0.548
-0.455,0.354,-0.541
-0.458,0.346,-0.541
-0.459,0.337,-0.538
-0.464,0.318,-0.535
-0.458,0.301,-0.532
-0.455,0.286,-0.527
-0.45,0.267,-0.522
-0.441,0.253,-0.521
-0.441,0.253,-0.521
-0.435,0.239,-0.519
-0.422,0.218,-0.52
-0.406,0.209,-0.522
-0.389,0.2,-0.529
-0.364,0.194,-0.544
-0.341,0.191,-0.546
-0.341,0.191,-0.546
-0.317,0.186,-0.55
-0.287,0.184,-0.558
-0.263,0.184,-0.559
-0.249,0.186,-0.562
-0.224,0.193,-0.565
-0.208,0.204,-0.571
-0.208,0.204,-0.571
-0.19,0.208,-0.573
-0.173,0.215,-0.583
-0.16,0.221,-0.58
-0.153,0.229,-0.587
-0.144,0.243,-0.588
-0.139,0.258,-0.594
-0.139,0.258,-0.594
-0.135,0.273,-0.604
-0.127,0.288,-0.606
-0.124,0.301,-0.613
-0.121,0.318,-0.612
-0.123,0.336,-0.62
-0.124,0.351,-0.62
-0.124,0.351,-0.62
-0.128,0.366,-0.615
-0.123,0.381,-0.616
-0.12,0.395,-0.614
-0.116,0.411,-0.613
-0.109,0.425,-0.605
-0.108,0.436,-0.609
-0.108,0.436,-0.609
-0.11,0.446,-0.6
-0.109,0.454,-0.602
-0.114,0.472,-0.6
-0.111,0.487,-0.595
-0.109,0.492,-0.584
-0.103,0.497,-0.584
-0.103,0.497,-0.579
-0.091,0.506,-0.579
-0.086,0.514,-0.576
-0.073,0.519,-0.574
-0.067,0.534,-0.564
-0.063,0.543,-0.552
-0.054,0.555,-0.537
-0.054,0.57,-0.523
-0.046,0.57,-0.523
-0.041,0.579,-0.511
-0.031,0.588,-0.499
-0.033,0.608,-0.494
-0.03,0.62,-0.475
-0.033,0.639,-0.459
-0.037,0.653,-0.45
-0.037,0.653,-0.45
-0.043,0.668,-0.431
-0.055,0.68,-0.422
-0.065,0.69,-0.4
-0.075,0.695,-0.394
-0.087,0.706,-0.369
-0.099,0.7,-0.347
-0.099,0.7,-0.347
-0.108,0.702,-0.325
-0.122,0.7,-0.312
-0.137,0.699,-0.289
-0.146,0.692,-0.276
-0.16,0.687,-0.263
-0.167,0.686,-0.248
-0.167,0.686,-0.248
-0.173,0.676,-0.232
-0.184,0.681,-0.225
-0.192,0.678,-0.215
-0.2,0.677,-0.207
-0.212,0.677,-0.197
-0.22,0.674,-0.176
-0.22,0.674,-0.176
-0.228,0.665,-0.159
-0.24,0.654,-0.132
-0.25,0.643,-0.114
-0.267,0.643,-0.089
-0.271,0.637,-0.077
-0.273,0.633,-0.065
-0.273,0.633,-0.065
-0.275,0.631,-0.056
-0.275,0.63,-0.048
-0.273,0.629,-0.042
-0.269,0.63,-0.036
-0.273,0.622,-0.039
-0.278,0.615,-0.042
-0.278,0.615,-0.042
-0.282,0.611,-0.041
-0.286,0.601,-0.053
-0.286,0.597,-0.059
-0.281,0.584,-0.063
-0.29,0.581,-0.066
-0.288,0.573,-0.065
-0.288,0.573,-0.071
-0.285,0.566,-0.071
-0.286,0.558,-0.07
-0.292,0.554,-0.068
-0.285,0.548,-0.073
-0.282,0.541,-0.076
-0.284,0.532,-0.068
-0.284,0.531,-0.066
-0.279,0.531,-0.066
-0.272,0.516,-0.064
-0.272,0.513,-0.057
-0.269,0.499,-0.058
-0.273,0.486,-0.052
-0.272,0.471,-0.044
-0.272,0.457,-0.042
-0.272,0.457,-0.042
-0.27,0.443,-0.035
-0.267,0.429,-0.025
-0.255,0.412,-0.016
-0.241,0.394,0.007
-0.217,0.376,0.021
-0.19,0.369,0.029
-0.19,0.369,0.029
-0.154,0.368,0.031
-0.121,0.377,0.025
-0.099,0.385,0.024
-0.084,0.403,0.01
-0.074,0.41,-0.012
-0.066,0.413,-0.033
-0.066,0.413,-0.033
-0.059,0.424,-0.039
-0.052,0.425,-0.052
-0.043,0.426,-0.062
-0.037,0.429,-0.068
-0.03,0.437,-0.074
-0.022,0.441,-0.074
-0.022,0.441,-0.074
-0.013,0.446,-0.079
-0.013,0.447,-0.088
-0.009,0.451,-0.088
-0.003,0.457,-0.087
-0.002,0.455,-0.098
0.008,0.454,-0.099
0.008,0.454,-0.099
0.016,0.459,-0.105
0.024,0.465,-0.12
0.036,0.47,-0.132
0.043,0.482,-0.142
0.054,0.493,-0.151
0.064,0.501,-0.177
0.064,0.501,-0.194
0.076,0.519,-0.194
0.087,0.532,-0.213
0.092,0.548,-0.238
0.095,0.569,-0.27
0.092,0.587,-0.289
0.092,0.6,-0.305
0.092,0.61,-0.323
0.091,0.61,-0.323
0.09,0.614,-0.34
0.09,0.622,-0.35
0.079,0.637,-0.355
0.073,0.64,-0.362
0.066,0.65,-0.364
0.052,0.659,-0.372
0.052,0.659,-0.372
0.039,0.673,-0.373
0.028,0.684,-0.378
0.013,0.692,-0.382
0.003,0.697,-0.387
-0.017,0.71,-0.387
-0.027,0.718,-0.385
-0.027,0.718,-0.385
-0.043,0.727,-0.393
-0.059,0.738,-0.4
-0.073,0.748,-0.39
-0.087,0.748,-0.391
-0.102,0.754,-0.377
-0.122,0.762,-0.372
-0.122,0.762,-0.372
-0.145,0.772,-0.369
-0.163,0.777,-0.367
-0.184,0.78,-0.363
-0.203,0.78,-0.358
-0.218,0.782,-0.344
-0.23,0.783,-0.333
-0.23,0.783,-0.333
-0.236,0.781,-0.324
-0.242,0.778,-0.315
-0.242,0.771,-0.297
-0.241,0.772,-0.297
-0.237,0.761,-0.275
-0.239,0.758,-0.256
-0.239,0.758,-0.256
-0.234,0.748,-0.257
-0.239,0.745,-0.247
-0.242,0.739,-0.233
-0.237,0.736,-0.223
-0.238,0.722,-0.214
-0.242,0.717,-0.206
-0.242,0.717,-0.206
-0.236,0.708,-0.19
-0.242,0.7,-0.185
-0.245,0.687,-0.169
-0.24,0.676,-0.161
-0.237,0.664,-0.144
-0.231,0.648,-0.138
-0.231,0.648,-0.127
-0.231,0.643,-0.127
-0.229,0.633,-0.117
-0.226,0.621,-0.108
-0.22,0.608,-0.1
-0.226,0.598,-0.088
-0.222,0.588,-0.084
-0.222,0.578,-0.078
-0.218,0.578,-0.078
-0.213,0.571,-0.072
-0.2,0.564,-0.068
-0.192,0.558,-0.061
-0.184,0.551,-0.062
-0.173,0.55,-0.062
-0.164,0.544,-0.068
-0.164,0.544,-0.068
-0.157,0.539,-0.06
-0.149,0.526,-0.056
-0.144,0.521,-0.054
-0.141,0.508,-0.05
-0.137,0.495,-0.051
-0.135,0.483,-0.046
-0.135,0.483,-0.046
-0.134,0.467,-0.037
-0.13,0.454,-0.043
-0.128,0.442,-0.03
-0.118,0.426,-0.04
-0.113,0.413,-0.037
-0.103,0.399,-0.038
-0.103,0.399,-0.038
-0.1,0.382,-0.038
-0.093,0.367,-0.038
-0.097,0.35,-0.044
-0.104,0.327,-0.041
-0.117,0.316,-0.053
-0.13,0.306,-0.054
-0.13,0.306,-0.054
-0.144,0.297,-0.057
-0.156,0.297,-0.073
-0.159,0.293,-0.079
-0.162,0.291,-0.076
-0.165,0.292,-0.083
-0.169,0.298,-0.082
-0.169,0.298,-0.082
-0.166,0.299,-0.077
-0.167,0.299,-0.082
-0.164,0.3,-0.078
-0.159,0.298,-0.076
-0.159,0.29,-0.081
-0.16,0.283,-0.077
-0.16,0.283,-0.077
-0.161,0.269,-0.087
-0.163,0.259,-0.084
-0.163,0.251,-0.088
-0.17,0.239,-0.09
-0.172,0.23,-0.099
-0.177,0.219,-0.099
-0.177,0.219,-0.101
-0.182,0.209,-0.101
-0.197,0.195,-0.113
-0.214,0.176,-0.125
-0.229,0.165,-0.135
-0.25,0.15,-0.156
-0.27,0.139,-0.173
-0.27,0.129,-0.194
-0.293,0.129,-0.194
-0.311,0.133,-0.198
-0.332,0.13,-0.209
-0.349,0.127,-0.222
-0.361,0.133,-0.234
-0.369,0.134,-0.237
-0.383,0.138,-0.249
-0.383,0.138,-0.249
-0.379,0.141,-0.251
-0.386,0.14,-0.246
-0.386,0.146,-0.251
-0.395,0.148,-0.252
-0.396,0.157,-0.249
-0.401,0.155,-0.252
-0.401,0.155,-0.252
-0.407,0.162,-0.247
-0.416,0.17,-0.251
-0.425,0.178,-0.249
-0.438,0.182,-0.254
-0.452,0.199,-0.257
-0.467,0.21,-0.268
-0.467,0.21,-0.268
-0.48,0.227,-0.27
-0.491,0.241,-0.273
-0.499,0.257,-0.278
-0.504,0.271,-0.27
-0.507,0.276,-0.272
-0.51,0.292,-0.269
-0.51,0.292,-0.269
-0.512,0.305,-0.265
-0.515,0.317,-0.272
-0.515,0.332,-0.272
-0.519,0.349,-0.277
-0.521,0.366,-0.286
-0.525,0.378,-0.296
-0.525,0.378,-0.296
-0.522,0.396,-0.298
-0.523,0.41,-0.298
-0.521,0.42,-0.299
-0.519,0.435,-0.308
-0.517,0.44,-0.32
-0.518,0.451,-0.323
-0.518,0.451,-0.33
-0.511,0.46,-0.33
-0.513,0.469,-0.337
-0.51,0.477,-0.34
-0.515,0.482,-0.342
-0.51,0.488,-0.35
-0.51,0.494,-0.352
-0.51,0.504,-0.364
-0.509,0.504,-0.364
-0.509,0.51,-0.364
-0.503,0.521,-0.379
-0.501,0.532,-0.385
-0.5,0.547,-0.394
-0.495,0.562,-0.404
-0.493,0.576,-0.413
-0.493,0.576,-0.413
-0.484,0.59,-0.423
-0.473,0.606,-0.423
-0.459,0.626,-0.431
-0.446,0.641,-0.439
-0.432,0.662,-0.446
-0.408,0.678,-0.444
-0.408,0.678,-0.444
-0.391,0.697,-0.442
-0.371,0.71,-0.442
-0.346,0.723,-0.433
-0.327,0.733,-0.42
-0.305,0.744,-0.407
-0.288,0.749,-0.391
-0.288,0.749,-0.391
-0.272,0.751,-0.384
-0.257,0.746,-0.362
-0.239,0.748,-0.353
-0.217,0.745,-0.336
-0.201,0.735,-0.321
-0.188,0.73,-0.313
-0.188,0.73,-0.313
-0.178,0.725,-0.305
-0.173,0.723,-0.294
-0.16,0.711,-0.29
-0.159,0.707,-0.282
-0.155,0.698,-0.262
-0.144,0.692,-0.264
-0.144,0.692,-0.264
-0.14,0.691,-0.248
-0.141,0.681,-0.245
-0.14,0.677,-0.23
-0.13,0.675,-0.214
-0.129,0.669,-0.206
-0.128,0.662,-0.192
-0.128,0.662,-0.192
-0.129,0.651,-0.176
-0.128,0.643,-0.164
-0.122,0.639,-0.163
-0.127,0.636,-0.15
-0.13,0.633,-0.145
-0.131,0.637,-0.138
-0.131,0.637,-0.138
-0.131,0.635,-0.131
-0.143,0.63,-0.117
-0.144,0.625,-0.116
-0.141,0.617,-0.106
-0.14,0.612,-0.095
-0.136,0.609,-0.089
-0.136,0.609,-0.086
-0.137,0.606,-0.086
-0.131,0.605,-0.079
-0.124,0.6,-0.084
-0.125,0.599,-0.078
-0.122,0.596,-0.072
-0.123,0.595,-0.065
-0.123,0.591,-0.066
-0.123,0.591,-0.066
-0.128,0.584,-0.067
-0.135,0.584,-0.068
-0.137,0.584,-0.071
-0.141,0.584,-0.08
-0.15,0.577,-0.082
-0.166,0.579,-0.084
-0.166,0.579,-0.084
-0.175,0.579,-0.084
-0.184,0.573,-0.088
-0.2,0.572,-0.09
-0.202,0.566,-0.08
-0.215,0.558,-0.082
-0.225,0.556,-0.085
-0.225,0.556,-0.085
-0.228,0.553,-0.081
-0.237,0.55,-0.084
-0.244,0.551,-0.085
-0.248,0.543,-0.085
-0.254,0.54,-0.092
-0.265,0.543,-0.088
-0.265,0.543,-0.088
-0.267,0.537,-0.095
-0.274,0.53,-0.097
-0.276,0.525,-0.098
-0.286,0.521,-0.101
-0.289,0.51,-0.115
-0.297,0.501,-0.115
-0.297,0.501,-0.115
-0.306,0.485,-0.114
-0.317,0.466,-0.117
-0.327,0.452,-0.119
-0.337,0.427,-0.119
-0.339,0.395,-0.116
-0.34,0.364,-0.11
-0.34,0.364,-0.11
-0.326,0.33,-0.088
-0.305,0.31,-0.078
-0.27,0.298,-0.061
-0.235,0.304,-0.059
-0.202,0.315,-0.049
-0.169,0.334,-0.057
-0.169,0.334,-0.057
-0.148,0.36,-0.061
-0.126,0.38,-0.065
-0.115,0.397,-0.068
-0.106,0.412,-0.072
-0.094,0.422,-0.076
-0.084,0.432,-0.088
-0.084,0.432,-0.091
-0.059,0.436,-0.091
-0.05,0.441,-0.104
-0.027,0.441,-0.116
-0.01,0.442,-0.129
0.012,0.44,-0.142
0.039,0.445,-0.171
0.039,0.448,-0.196
0.065,0.448,-0.196
0.08,0.452,-0.22
0.094,0.468,-0.238
0.107,0.479,-0.259
0.111,0.494,-0.29
0.115,0.514,-0.307
0.116,0.529,-0.322
0.116,0.529,-0.322
0.115,0.55,-0.344
0.103,0.572,-0.359
0.094,0.594,-0.37
0.088,0.615,-0.375
0.076,0.634,-0.384
0.062,0.649,-0.388
0.062,0.649,-0.388
0.051,0.66,-0.395
0.036,0.677,-0.4
0.026,0.692,-0.406
0.01,0.704,-0.404
-0.005,0.719,-0.408
-0.027,0.732,-0.411
-0.027,0.732,-0.411
-0.043,0.74,-0.411
-0.063,0.75,-0.416
-0.084,0.761,-0.415
-0.094,0.766,-0.411
-0.117,0.774,-0.402
-0.13,0.779,-0.384
-0.13,0.779,-0.384
-0.148,0.777,-0.379
-0.163,0.781,-0.359
-0.169,0.784,-0.348
-0.181,0.786,-0.338
-0.185,0.786,-0.325
-0.188,0.781,-0.309
-0.188,0.781,-0.309
-0.198,0.778,-0.289
-0.197,0.773,-0.277
-0.198,0.763,-0.257
-0.19,0.76,-0.251
-0.183,0.755,-0.232
-0.172,0.74,-0.232
-0.172,0.74,-0.232
-0.162,0.729,-0.224
-0.146,0.724,-0.224
-0.133,0.712,-0.214
-0.124,0.706,-0.212
-0.118,0.699,-0.209
-0.112,0.691,-0.205
-0.112,0.691,-0.205
-0.104,0.685,-0.2
-0.102,0.679,-0.203
-0.093,0.671,-0.192
-0.089,0.659,-0.19
-0.083,0.65,-0.18
-0.073,0.639,-0.186
-0.073,0.635,-0.182
-0.063,0.635,-0.182
-0.056,0.623,-0.182
-0.049,0.62,-0.183
-0.039,0.609,-0.185
-0.036,0.606,-0.177
-0.03,0.593,-0.173
-0.027,0.582,-0.178
-0.027,0.582,-0.178
-0.02,0.58,-0.18
-0.017,0.57,-0.174
-0.015,0.564,-0.181
-0.008,0.554,-0.184
-0.009,0.551,-0.174
-0.0,0.543,-0.177
-0.0,0.543,-0.177
0.002,0.53,-0.174
0.005,0.524,-0.179
0.009,0.515,-0.178
0.011,0.51,-0.184
0.013,0.506,-0.187
0.016,0.505,-0.192
0.016,0.505,-0.192
0.019,0.499,-0.202
0.024,0.492,-0.196
0.027,0.488,-0.198
0.026,0.48,-0.201
0.02,0.475,-0.197
0.023,0.47,-0.193
0.023,0.47,-0.193
0.023,0.467,-0.19
0.023,0.462,-0.191
0.022,0.457,-0.188
0.021,0.453,-0.188
0.02,0.448,-0.191
0.021,0.44,-0.176
0.021,0.44,-0.176
0.018,0.436,-0.174
0.011,0.433,-0.168
0.004,0.423,-0.157
-0.002,0.413,-0.153
-0.006,0.405,-0.145
-0.012,0.395,-0.138
-0.012,0.395,-0.138
-0.02,0.39,-0.124
-0.024,0.384,-0.117
-0.034,0.38,-0.114
-0.043,0.37,-0.113
-0.056,0.368,-0.102
-0.075,0.359,-0.092
-0.075,0.359,-0.092
-0.09,0.356,-0.082
-0.113,0.349,-0.076
-0.13,0.346,-0.066
-0.155,0.341,-0.066
-0.176,0.338,-0.062
-0.199,0.332,-0.064
-0.199,0.332,-0.059
-0.228,0.334,-0.059
-0.251,0.331,-0.069
-0.277,0.335,-0.071
-0.302,0.335,-0.075
-0.332,0.344,-0.09
-0.363,0.345,-0.1
-0.363,0.352,-0.11
-0.388,0.352,-0.11
-0.417,0.36,-0.121
-0.439,0.373,-0.147
-0.464,0.381,-0.167
-0.485,0.394,-0.195
-0.502,0.407,-0.223
-0.519,0.421,-0.239
-0.519,0.421,-0.239
-0.528,0.43,-0.276
-0.539,0.444,-0.309
-0.543,0.455,-0.331
-0.542,0.461,-0.364
-0.531,0.467,-0.396
-0.531,0.482,-0.412
-0.531,0.482,-0.412
-0.514,0.492,-0.434
-0.504,0.499,-0.443
-0.494,0.509,-0.456
-0.485,0.517,-0.468
-0.47,0.527,-0.479
-0.464,0.535,-0.475
-0.464,0.535,-0.475
-0.457,0.545,-0.491
-0.45,0.552,-0.494
-0.442,0.557,-0.503
-0.435,0.563,-0.508
-0.428,0.569,-0.503
-0.422,0.572,-0.503
-0.422,0.572,-0.503
-0.417,0.578,-0.514
-0.407,0.587,-0.508
-0.402,0.591,-0.512
-0.399,0.599,-0.514
-0.389,0.611,-0.513
-0.383,0.62,-0.515
-0.383,0.62,-0.515
-0.372,0.635,-0.515
-0.362,0.645,-0.516
-0.353,0.652,-0.519
-0.337,0.662,-0.516
-0.322,0.669,-0.512
-0.313,0.677,-0.508
-0.313,0.677,-0.508
-0.301,0.679,-0.501
-0.289,0.689,-0.496
-0.274,0.698,-0.495
-0.262,0.701,-0.479
-0.248,0.702,-0.472
-0.233,0.706,-0.47
-0.233,0.706,-0.462
-0.224,0.705,-0.462
-0.21,0.709,-0.452
-0.197,0.707,-0.441
-0.186,0.709,-0.433
-0.168,0.712,-0.424
-0.161,0.709,-0.418
-0.161,0.707,-0.415
-0.152,0.707,-0.415
-0.142,0.707,-0.407
-0.134,0.711,-0.394
-0.124,0.703,-0.392
-0.117,0.707,-0.386
-0.106,0.708,-0.379
-0.098,0.704,-0.367
-0.098,0.704,-0.367
-0.086,0.698,-0.366
-0.078,0.704,-0.353
-0.066,0.703,-0.354
-0.06,0.698,-0.352
-0.047,0.693,-0.336
-0.029,0.691,-0.327
-0.029,0.691,-0.327
-0.018,0.685,-0.325
0.0,0.686,-0.318
0.009,0.687,-0.319
0.024,0.683,-0.318
0.037,0.682,-0.32
0.053,0.685,-0.324
0.053,0.685,-0.324
0.063,0.686,-0.332
0.077,0.696,-0.338
0.088,0.698,-0.349
0.095,0.709,-0.359
0.108,0.72,-0.372
0.109,0.728,-0.394
0.109,0.728,-0.394
0.104,0.736,-0.404
0.095,0.741,-0.422
0.077,0.74,-0.413
0.055,0.736,-0.41
0.032,0.722,-0.396
0.012,0.71,-0.379
0.012,0.71,-0.379
0.0,0.695,-0.365
-0.008,0.681,-0.354
-0.012,0.661,-0.342
-0.006,0.655,-0.331
-0.005,0.639,-0.328
-0.005,0.628,-0.318
-0.005,0.628,-0.318
0.008,0.615,-0.314
0.011,0.604,-0.306
0.017,0.594,-0.301
0.021,0.582,-0.301
0.029,0.577,-0.309
0.029,0.571,-0.312
0.029,0.571,-0.31
0.031,0.558,-0.31
0.033,0.547,-0.309
0.033,0.533,-0.311
0.038,0.518,-0.31
0.048,0.503,-0.318
0.05,0.483,-0.325
0.05,0.467,-0.333
0.062,0.467,-0.333
0.078,0.453,-0.346
0.094,0.442,-0.365
0.11,0.449,-0.38
0.117,0.454,-0.403
0.119,0.473,-0.425
0.117,0.491,-0.441
0.117,0.491,-0.441
0.111,0.511,-0.447
0.101,0.526,-0.457
0.091,0.544,-0.465
0.081,0.556,-0.469
0.071,0.568,-0.469
0.069,0.575,-0.47
0.069,0.575,-0.47
0.061,0.59,-0.472
0.057,0.599,-0.475
0.047,0.613,-0.475
0.041,0.628,-0.477
0.031,0.641,-0.478
0.021,0.659,-0.48
0.021,0.659,-0.48
0.013,0.669,-0.472
0.002,0.681,-0.471
-0.007,0.689,-0.477
-0.012,0.697,-0.477
-0.031,0.712,-0.474
-0.049,0.722,-0.478
-0.049,0.722,-0.478
-0.065,0.737,-0.477
-0.088,0.752,-0.469
-0.106,0.763,-0.468
-0.123,0.772,-0.469
-0.14,0.778,-0.469
-0.16,0.78,-0.479
-0.16,0.78,-0.479
-0.175,0.788,-0.47
-0.191,0.789,-0.471
-0.215,0.798,-0.458
-0.241,0.801,-0.448
-0.265,0.806,-0.427
-0.282,0.808,-0.425
-0.282,0.808,-0.425
-0.296,0.809,-0.411
-0.312,0.806,-0.395
-0.324,0.804,-0.38
-0.329,0.803,-0.366
-0.332,0.801,-0.354
-0.339,0.799,-0.333
-0.339,0.799,-0.333
-0.345,0.788,-0.32
-0.347,0.788,-0.307
-0.354,0.781,-0.294
-0.363,0.779,-0.277
-0.369,0.769,-0.262
-0.373,0.761,-0.253
-0.373,0.761,-0.244
-0.377,0.759,-0.244
-0.376,0.749,-0.226
-0.374,0.746,-0.22
-0.365,0.74,-0.204
-0.359,0.732,-0.201
-0.353,0.726,-0.19
-0.353,0.719,-0.176
-0.341,0.719,-0.176
-0.334,0.712,-0.168
-0.316,0.707,-0.156
-0.308,0.695,-0.152
-0.289,0.688,-0.137
-0.281,0.687,-0.135
-0.268,0.678,-0.132
-0.268,0.678,-0.132
-0.256,0.672,-0.128
-0.239,0.659,-0.117
-0.222,0.649,-0.117
-0.206,0.645,-0.113
-0.193,0.639,-0.106
-0.186,0.633,-0.118
-0.186,0.633,-0.118
-0.175,0.626,-0.111
-0.163,0.619,-0.111
-0.153,0.617,-0.117
-0.142,0.617,-0.114
-0.133,0.605,-0.118
-0.12,0.602,-0.127
-0.12,0.602,-0.127
-0.104,0.593,-0.124
-0.091,0.587,-0.124
-0.083,0.579,-0.126
-0.08,0.578,-0.13
-0.074,0.573,-0.141
-0.064,0.568,-0.137
-0.064,0.568,-0.137
-0.057,0.564,-0.139
-0.048,0.556,-0.137
-0.043,0.545,-0.139
-0.036,0.538,-0.142
-0.036,0.53,-0.142
-0.032,0.525,-0.135
-0.032,0.525,-0.135
-0.03,0.517,-0.133
-0.03,0.51,-0.129
-0.036,0.507,-0.124
-0.039,0.496,-0.123
-0.04,0.492,-0.126
-0.048,0.49,-0.122
-0.048,0.49,-0.122
-0.053,0.48,-0.122
-0.056,0.473,-0.115
-0.059,0.463,-0.112
-0.064,0.452,-0.11
-0.066,0.446,-0.109
-0.077,0.433,-0.099
-0.077,0.433,-0.097
-0.084,0.426,-0.097
-0.097,0.424,-0.092
-0.106,0.418,-0.084
-0.113,0.416,-0.088
-0.116,0.407,-0.089
-0.121,0.403,-0.081
-0.119,0.395,-0.091
-0.119,0.395,-0.091
-0.119,0.385,-0.092
-0.123,0.381,-0.088
-0.128,0.373,-0.09
-0.132,0.377,-0.096
-0.143,0.368,-0.089
-0.145,0.374,-0.099
-0.145,0.374,-0.099
-0.15,0.373,-0.09
-0.153,0.363,-0.09
-0.157,0.364,-0.089
-0.149,0.35,-0.086
-0.156,0.332,-0.091
-0.158,0.32,-0.087
-0.158,0.32,-0.087
-0.167,0.307,-0.087
-0.19,0.294,-0.085
-0.216,0.276,-0.086
-0.244,0.258,-0.085
-0.275,0.245,-0.105
-0.302,0.232,-0.114
-0.302,0.232,-0.114
-0.334,0.223,-0.115
-0.353,0.217,-0.132
-0.376,0.21,-0.142
-0.4,0.203,-0.152
-0.422,0.203,-0.165
-0.446,0.2,-0.182
-0.446,0.2,-0.182
-0.473,0.2,-0.199
-0.495,0.205,-0.214
-0.509,0.211,-0.239
-0.523,0.223,-0.257
-0.524,0.234,-0.269
-0.527,0.248,-0.294
-0.527,0.248,-0.294
-0.532,0.259,-0.307
-0.528,0.268,-0.316
-0.533,0.28,-0.321
-0.532,0.29,-0.33
-0.535,0.302,-0.341
-0.535,0.318,-0.354
-0.535,0.318,-0.358
-0.537,0.332,-0.358
-0.538,0.343,-0.36
-0.54,0.359,-0.369
-0.543,0.375,-0.371
-0.541,0.385,-0.367
-0.537,0.396,-0.366
-0.537,0.409,-0.37
-0.537,0.409,-0.37
-0.54,0.42,-0.37
-0.534,0.428,-0.371
-0.537,0.434,-0.368
-0.529,0.444,-0.363
-0.527,0.445,-0.362
-0.519,0.455,-0.363
-0.519,0.455,-0.363
-0.517,0.462,-0.368
-0.514,0.476,-0.374
-0.508,0.477,-0.383
-0.505,0.481,-0.396
-0.502,0.493,-0.405
-0.498,0.497,-0.417
-0.498,0.497,-0.417
-0.496,0.507,-0.437
-0.489,0.507,-0.455
-0.479,0.512,-0.47
-0.472,0.52,-0.485
-0.463,0.533,-0.496
-0.454,0.548,-0.505
-0.454,0.548,-0.505
-0.446,0.561,-0.505
-0.438,0.576,-0.504
-0.427,0.589,-0.511
-0.416,0.602,-0.504
-0.402,0.618,-0.515
-0.389,0.634,-0.508
-0.389,0.634,-0.508
-0.375,0.645,-0.509
-0.356,0.658,-0.509
-0.34,0.667,-0.514
-0.314,0.676,-0.514
-0.297,0.681,-0.507
-0.277,0.685,-0.501
-0.277,0.685,-0.501
-0.257,0.691,-0.491
-0.239,0.696,-0.475
-0.222,0.698,-0.473
-0.204,0.702,-0.468
-0.193,0.704,-0.455
-0.183,0.703,-0.447
-0.183,0.703,-0.447
-0.173,0.705,-0.439
-0.161,0.709,-0.431
-0.155,0.703,-0.419
-0.144,0.706,-0.412
-0.137,0.706,-0.408
-0.127,0.699,-0.403
-0.127,0.699,-0.388
-0.12,0.699,-0.388
-0.11,0.698,-0.383
-0.106,0.7,-0.374
-0.098,0.693,-0.36
-0.091,0.693,-0.353
-0.079,0.69,-0.342
-0.079,0.692,-0.344
-0.073,0.692,-0.344
-0.066,0.691,-0.328
-0.056,0.684,-0.312
-0.042,0.684,-0.309
-0.035,0.68,-0.299
-0.027,0.677,-0.293
-0.018,0.67,-0.287
-0.018,0.67,-0.287
-0.005,0.667,-0.289
0.009,0.664,-0.286
0.02,0.661,-0.288
0.03,0.656,-0.296
0.038,0.652,-0.299
0.05,0.653,-0.303
0.05,0.653,-0.303
0.053,0.651,-0.31
0.061,0.653,-0.314
0.058,0.654,-0.322
0.046,0.654,-0.319
0.038,0.654,-0.326
0.031,0.655,-0.317
0.031,0.655,-0.317
0.022,0.652,-0.309
0.015,0.645,-0.302
0.012,0.638,-0.295
0.011,0.621,-0.287
0.011,0.612,-0.285
0.018,0.607,-0.281
0.018,0.607,-0.281
0.011,0.599,-0.288
0.018,0.596,-0.287
0.02,0.583,-0.283
0.026,0.576,-0.282
0.029,0.564,-0.291
0.035,0.553,-0.288
0.035,0.553,-0.288
0.038,0.542,-0.282
0.044,0.529,-0.29
0.054,0.514,-0.304
0.059,0.493,-0.31
0.066,0.474,-0.312
0.076,0.461,-0.316
0.076,0.461,-0.316
0.084,0.45,-0.32
0.099,0.438,-0.331
0.115,0.432,-0.347
0.129,0.432,-0.371
0.143,0.437,-0.394
0.15,0.444,-0.409
0.15,0.444,-0.446
0.153,0.452,-0.446
0.149,0.468,-0.464
0.144,0.489,-0.475
0.124,0.506,-0.494
0.109,0.521,-0.496
0.093,0.532,-0.498
0.093,0.535,-0.506
0.079,0.535,-0.506
0.07,0.534,-0.516
0.063,0.541,-0.516
0.056,0.536,-0.522
0.049,0.542,-0.525
0.046,0.549,-0.527
0.041,0.55,-0.533
0.041,0.55,-0.533
0.037,0.558,-0.538
0.032,0.567,-0.532
0.032,0.574,-0.529
0.032,0.577,-0.534
0.035,0.581,-0.532
0.033,0.586,-0.528
0.033,0.586,-0.528
0.032,0.589,-0.53
0.029,0.589,-0.528
0.028,0.59,-0.534
0.027,0.592,-0.53
0.025,0.588,-0.536
0.021,0.592,-0.533
0.021,0.592,-0.533
0.018,0.592,-0.54
0.013,0.591,-0.544
0.009,0.586,-0.543
0.006,0.591,-0.549
0.003,0.599,-0.546
-0.007,0.614,-0.544
-0.007,0.614,-0.544
-0.01,0.621,-0.541
-0.017,0.631,-0.534
-0.025,0.64,-0.53
-0.03,0.646,-0.531
-0.039,0.665,-0.527
-0.049,0.676,-0.524
-0.049,0.676,-0.524
-0.06,0.684,-0.52
-0.063,0.696,-0.509
-0.076,0.702,-0.503
-0.076,0.707,-0.487
-0.08,0.716,-0.491
-0.08,0.721,-0.475
-0.08,0.721,-0.475
-0.081,0.725,-0.458
-0.083,0.73,-0.442
-0.08,0.735,-0.424
-0.075,0.734,-0.411
-0.073,0.737,-0.392
-0.069,0.737,-0.38
-0.069,0.737,-0.36
-0.065,0.733,-0.36
-0.062,0.73,-0.352
-0.06,0.725,-0.338
-0.058,0.723,-0.331
-0.059,0.719,-0.33
-0.052,0.716,-0.318
-0.052,0.715,-0.31
-0.055,0.715,-0.31
-0.048,0.711,-0.309
-0.05,0.704,-0.3
-0.04,0.697,-0.295
-0.04,0.691,-0.297
-0.036,0.69,-0.286
-0.033,0.685,-0.281
-0.033,0.685,-0.281
-0.03,0.679,-0.275
-0.028,0.672,-0.274
-0.022,0.669,-0.271
-0.016,0.66,-0.263
-0.01,0.652,-0.269
0.0,0.641,-0.265
0.0,0.641,-0.265
0.006,0.63,-0.261
0.016,0.617,-0.256
0.019,0.603,-0.245
0.025,0.589,-0.241
0.03,0.577,-0.233
0.033,0.567,-0.229
0.033,0.567,-0.229
0.029,0.556,-0.228
0.032,0.545,-0.215
0.033,0.528,-0.21
0.044,0.513,-0.216
0.049,0.501,-0.217
0.052,0.485,-0.224
0.052,0.485,-0.224
0.051,0.472,-0.224
0.054,0.468,-0.224
0.055,0.46,-0.232
0.059,0.452,-0.233
0.058,0.444,-0.235
0.067,0.435,-0.239
0.067,0.435,-0.239
0.064,0.435,-0.236
0.069,0.43,-0.248
0.066,0.433,-0.251
0.068,0.431,-0.263
0.068,0.427,-0.263
0.075,0.423,-0.269
0.075,0.423,-0.269
0.07,0.419,-0.275
0.068,0.42,-0.275
0.069,0.417,-0.277
0.066,0.412,-0.279
0.064,0.404,-0.281
0.064,0.397,-0.277
0.064,0.397,-0.276
0.065,0.391,-0.276
0.063,0.378,-0.283
0.061,0.373,-0.284
0.058,0.361,-0.28
0.058,0.341,-0.28
0.046,0.319,-0.281
0.046,0.299,-0.268
0.044,0.299,-0.268
0.028,0.271,-0.26
0.014,0.25,-0.254
0.002,0.23,-0.235
-0.017,0.219,-0.235
-0.031,0.21,-0.226
-0.036,0.2,-0.227
-0.036,0.2,-0.227
-0.044,0.195,-0.225
-0.053,0.184,-0.225
-0.06,0.179,-0.218
-0.072,0.17,-0.213
-0.088,0.165,-0.2
-0.113,0.162,-0.186
-0.113,0.162,-0.186
-0.127,0.16,-0.176
-0.151,0.162,-0.169
-0.169,0.166,-0.162
-0.19,0.168,-0.154
-0.204,0.176,-0.155
-0.225,0.179,-0.149
-0.225,0.179,-0.149
-0.235,0.184,-0.144
-0.249,0.187,-0.143
-0.261,0.193,-0.142
-0.272,0.195,-0.147
-0.28,0.203,-0.144
-0.292,0.208,-0.147
-0.292,0.208,-0.147
-0.298,0.217,-0.141
-0.311,0.223,-0.135
-0.322,0.227,-0.134
-0.334,0.233,-0.137
-0.343,0.237,-0.143
-0.353,0.248,-0.135
-0.353,0.248,-0.135
-0.364,0.26,-0.138
-0.374,0.267,-0.132
-0.385,0.279,-0.133
-0.393,0.287,-0.13
-0.399,0.303,-0.132
-0.405,0.316,-0.135
-0.405,0.316,-0.135
-0.414,0.32,-0.14
-0.418,0.323,-0.144
-0.427,0.335,-0.14
-0.431,0.344,-0.149
-0.439,0.356,-0.148
-0.443,0.361,-0.157
-0.443,0.361,-0.157
-0.447,0.373,-0.156
-0.452,0.385,-0.161
-0.455,0.388,-0.161
-0.458,0.401,-0.176
-0.461,0.405,-0.178
-0.464,0.42,-0.186
-0.464,0.42,-0.201
-0.469,0.433,-0.201
-0.479,0.446,-0.213
-0.485,0.457,-0.233
-0.49,0.462,-0.238
-0.501,0.469,-0.257
-0.503,0.473,-0.264
-0.503,0.48,-0.269
-0.511,0.48,-0.269
-0.514,0.483,-0.279
-0.519,0.485,-0.292
-0.522,0.497,-0.312
-0.529,0.511,-0.328
-0.527,0.526,-0.345
-0.523,0.541,-0.363
-0.523,0.541,-0.363
-0.522,0.553,-0.374
-0.52,0.567,-0.388
-0.507,0.58,-0.401
-0.502,0.593,-0.419
-0.496,0.606,-0.431
-0.484,0.612,-0.448
-0.484,0.612,-0.448
-0.467,0.63,-0.461
-0.454,0.631,-0.462
-0.442,0.637,-0.477
-0.428,0.649,-0.475
-0.418,0.655,-0.475
-0.401,0.659,-0.481
-0.401,0.659,-0.481
-0.386,0.663,-0.485
-0.375,0.668,-0.49
-0.354,0.67,-0.49
-0.345,0.667,-0.494
-0.327,0.67,-0.499
-0.31,0.672,-0.496
-0.31,0.672,-0.496
-0.302,0.673,-0.498
-0.292,0.669,-0.492
-0.287,0.667,-0.495
-0.275,0.672,-0.488
-0.27,0.675,-0.482
-0.26,0.677,-0.477
-0.26,0.677,-0.477
-0.25,0.679,-0.464
-0.236,0.686,-0.464
-0.225,0.687,-0.466
-0.209,0.687,-0.46
-0.195,0.687,-0.46
-0.187,0.692,-0.442
-0.187,0.692,-0.442
-0.171,0.69,-0.446
-0.161,0.688,-0.442
-0.146,0.694,-0.443
-0.136,0.694,-0.44
-0.12,0.694,-0.431
-0.106,0.696,-0.43
-0.106,0.696,-0.43
-0.094,0.699,-0.423
-0.084,0.701,-0.422
-0.075,0.701,-0.416
-0.063,0.702,-0.413
-0.056,0.704,-0.41
-0.041,0.704,-0.415
-0.041,0.71,-0.41
-0.028,0.71,-0.41
-0.018,0.708,-0.409
-0.002,0.709,-0.409
0.014,0.715,-0.416
0.031,0.719,-0.422
0.04,0.725,-0.434
0.045,0.728,-0.431
0.045,0.728,-0.431
0.057,0.733,-0.446
0.049,0.737,-0.458
0.054,0.743,-0.469
0.047,0.758,-0.476
0.042,0.762,-0.478
0.024,0.761,-0.484
0.024,0.761,-0.484
0.008,0.755,-0.472
-0.009,0.742,-0.461
-0.024,0.726,-0.446
-0.029,0.709,-0.424
-0.027,0.691,-0.405
-0.025,0.68,-0.398
-0.025,0.68,-0.398
-0.018,0.661,-0.387
-0.009,0.649,-0.385
0.006,0.638,-0.379
0.009,0.622,-0.373
0.018,0.616,-0.373
0.029,0.603,-0.372
0.029,0.603,-0.372
0.035,0.593,-0.371
0.044,0.581,-0.366
0.05,0.568,-0.376
0.06,0.556,-0.381
0.064,0.543,-0.383
0.076,0.534,-0.382
0.076,0.534,-0.382
0.089,0.523,-0.395
0.1,0.509,-0.399
0.112,0.506,-0.413
0.119,0.505,-0.427
0.131,0.506,-0.44
0.141,0.508,-0.451
0.141,0.508,-0.451
0.144,0.512,-0.467
0.148,0.525,-0.479
0.139,0.53,-0.499
0.131,0.542,-0.508
0.121,0.544,-0.514
0.106,0.55,-0.514
0.106,0.55,-0.514
0.098,0.556,-0.518
0.087,0.558,-0.524
0.073,0.558,-0.527
0.067,0.562,-0.543
0.056,0.566,-0.539
0.05,0.572,-0.541
0.05,0.577,-0.544
0.038,0.577,-0.544
0.032,0.581,-0.549
0.023,0.594,-0.542
0.021,0.599,-0.548
0.013,0.608,-0.545
0.005,0.615,-0.546
-0.009,0.629,-0.554
-0.009,0.629,-0.554
-0.018,0.637,-0.553
-0.028,0.644,-0.547
-0.035,0.655,-0.545
-0.045,0.66,-0.551
-0.056,0.672,-0.545
-0.062,0.683,-0.542
-0.062,0.683,-0.542
-0.076,0.689,-0.539
-0.077,0.697,-0.532
-0.089,0.703,-0.526
-0.099,0.709,-0.521
-0.094,0.713,-0.512
-0.102,0.719,-0.518
-0.102,0.719,-0.518
-0.107,0.725,-0.507
-0.116,0.727,-0.51
-0.117,0.731,-0.494
-0.122,0.735,-0.492
-0.122,0.739,-0.486
-0.126,0.741,-0.481
-0.126,0.741,-0.481
-0.125,0.743,-0.476
-0.132,0.749,-0.461
-0.132,0.751,-0.457
-0.133,0.755,-0.454
-0.136,0.752,-0.453
-0.137,0.756,-0.445
-0.137,0.756,-0.445
-0.143,0.76,-0.438
-0.143,0.762,-0.439
-0.146,0.761,-0.428
-0.148,0.765,-0.418
-0.152,0.763,-0.424
-0.152,0.765,-0.41
-0.152,0.765,-0.41
-0.154,0.768,-0.41
-0.156,0.767,-0.399
-0.15,0.768,-0.389
-0.162,0.768,-0.384
-0.161,0.77,-0.374
-0.163,0.769,-0.367
-0.163,0.769,-0.367
-0.163,0.769,-0.359
-0.163,0.768,-0.351
-0.166,0.767,-0.338
-0.163,0.761,-0.338
-0.165,0.764,-0.335
-0.162,0.758,-0.327
-0.162,0.758,-0.326
-0.157,0.758,-0.326
-0.157,0.756,-0.315
-0.151,0.753,-0.315
-0.147,0.754,-0.306
-0.147,0.75,-0.302
-0.141,0.744,-0.296
-0.136,0.74,-0.291
-0.136,0.74,-0.291
-0.125,0.738,-0.288
-0.125,0.735,-0.276
-0.121,0.729,-0.264
-0.116,0.724,-0.264
-0.112,0.717,-0.256
-0.108,0.713,-0.255
-0.108,0.713,-0.255
-0.098,0.708,-0.249
-0.09,0.697,-0.256
-0.082,0.691,-0.248
-0.074,0.683,-0.247
-0.067,0.678,-0.236
-0.067,0.67,-0.242
-0.067,0.67,-0.242
-0.063,0.667,-0.234
-0.056,0.657,-0.22
-0.053,0.652,-0.221
-0.046,0.636,-0.213
-0.046,0.627,-0.208
-0.038,0.616,-0.194
-0.038,0.616,-0.194
-0.034,0.607,-0.19
-0.041,0.598,-0.183
-0.041,0.587,-0.173
-0.047,0.576,-0.163
-0.045,0.566,-0.159
-0.047,0.553,-0.147
-0.047,0.553,-0.147
-0.047,0.54,-0.14
-0.049,0.531,-0.14
-0.054,0.516,-0.136
-0.054,0.508,-0.13
-0.055,0.504,-0.129
-0.053,0.501,-0.13
-0.053,0.501,-0.13
-0.058,0.497,-0.128
-0.064,0.495,-0.129
-0.064,0.489,-0.12
-0.07,0.486,-0.117
-0.072,0.478,-0.116
-0.072,0.475,-0.113
-0.072,0.475,-0.112
-0.076,0.47,-0.112
-0.082,0.469,-0.106
-0.093,0.464,-0.106
-0.105,0.461,-0.097
-0.107,0.46,-0.095
-0.121,0.454,-0.095
-0.121,0.444,-0.084
-0.135,0.444,-0.084
-0.148,0.436,-0.076
-0.173,0.424,-0.069
-0.201,0.421,-0.064
-0.229,0.412,-0.066
-0.254,0.411,-0.063
-0.275,0.404,-0.069
-0.275,0.404,-0.069
-0.3,0.399,-0.072
-0.326,0.392,-0.071
-0.345,0.389,-0.075
-0.363,0.385,-0.08
-0.382,0.38,-0.085
-0.397,0.384,-0.093
-0.397,0.384,-0.093
-0.414,0.382,-0.102
-0.428,0.384,-0.117
-0.446,0.388,-0.122
-0.467,0.391,-0.135
-0.475,0.396,-0.148
-0.49,0.396,-0.165
-0.49,0.396,-0.165
-0.5,0.401,-0.172
-0.509,0.398,-0.181
-0.518,0.403,-0.198
-0.526,0.401,-0.21
-0.527,0.397,-0.217
-0.535,0.397,-0.23
-0.535,0.397,-0.23
-0.541,0.401,-0.236
-0.552,0.4,-0.253
-0.553,0.396,-0.265
-0.556,0.403,-0.289
-0.564,0.408,-0.313
-0.555,0.408,-0.328
-0.555,0.408,-0.328
-0.562,0.411,-0.347
-0.56,0.416,-0.36
-0.554,0.424,-0.373
-0.557,0.426,-0.388
-0.547,0.434,-0.404
-0.543,0.436,-0.418
-0.543,0.436,-0.418
-0.537,0.44,-0.432
-0.528,0.44,-0.444
-0.525,0.444,-0.453
-0.518,0.447,-0.456
-0.517,0.447,-0.456
-0.513,0.452,-0.466
-0.513,0.452,-0.466
-0.511,0.453,-0.466
-0.507,0.459,-0.457
-0.511,0.46,-0.457
-0.509,0.466,-0.457
-0.509,0.465,-0.457
-0.507,0.468,-0.457
-0.507,0.475,-0.45
-0.504,0.475,-0.45
-0.499,0.476,-0.453
-0.495,0.479,-0.455
-0.492,0.484,-0.456
-0.49,0.486,-0.46
-0.491,0.494,-0.461
-0.492,0.5,-0.46
-0.492,0.5,-0.46
-0.486,0.505,-0.466
-0.484,0.511,-0.469
-0.487,0.512,-0.473
-0.482,0.519,-0.48
-0.481,0.523,-0.471
-0.485,0.531,-0.474
-0.485,0.531,-0.474
-0.486,0.541,-0.473
-0.49,0.55,-0.47
-0.487,0.564,-0.469
-0.49,0.575,-0.476
-0.486,0.587,-0.471
-0.482,0.602,-0.472
-0.482,0.602,-0.472
-0.476,0.612,-0.469
-0.468,0.625,-0.465
-0.46,0.639,-0.467
-0.454,0.654,-0.459
-0.441,0.667,-0.451
-0.43,0.678,-0.45
-0.43,0.678,-0.45
-0.413,0.69,-0.452
-0.404,0.7,-0.449
-0.382,0.71,-0.44
-0.366,0.724,-0.434
-0.352,0.74,-0.424
-0.329,0.738,-0.423
-0.329,0.738,-0.423
-0.314,0.743,-0.418
-0.295,0.745,-0.419
-0.28,0.749,-0.421
-0.268,0.749,-0.417
-0.254,0.75,-0.403
-0.239,0.749,-0.399
-0.239,0.749,-0.399
-0.23,0.745,-0.395
-0.221,0.745,-0.389
-0.211,0.747,-0.387
-0.199,0.743,-0.381
-0.187,0.745,-0.376
-0.175,0.744,-0.368
-0.175,0.744,-0.363
-0.159,0.741,-0.363
-0.149,0.732,-0.355
-0.137,0.735,-0.354
-0.124,0.731,-0.347
-0.115,0.728,-0.353
-0.1,0.723,-0.346
-0.084,0.717,-0.347
-0.084,0.717,-0.347
-0.073,0.71,-0.346
-0.056,0.702,-0.351
-0.042,0.694,-0.351
-0.038,0.692,-0.348
-0.027,0.688,-0.335
-0.018,0.681,-0.342
-0.018,0.681,-0.342
-0.014,0.676,-0.336
-0.006,0.677,-0.344
-0.001,0.673,-0.347
0.005,0.662,-0.35
0.007,0.668,-0.351
0.005,0.663,-0.349
0.005,0.663,-0.349
0.003,0.662,-0.346
0.013,0.662,-0.348
0.015,0.658,-0.352
0.013,0.657,-0.359
0.013,0.651,-0.349
0.016,0.652,-0.356
0.016,0.652,-0.356
0.017,0.646,-0.355
0.018,0.64,-0.353
0.017,0.636,-0.355
0.023,0.635,-0.354
0.017,0.63,-0.353
0.023,0.627,-0.357
0.023,0.627,-0.357
0.029,0.62,-0.36
0.031,0.615,-0.368
0.038,0.599,-0.376
0.038,0.6,-0.387
0.041,0.595,-0.397
0.042,0.592,-0.406
0.042,0.592,-0.406
0.041,0.593,-0.42
0.044,0.587,-0.424
0.05,0.583,-0.427
0.057,0.581,-0.436
0.053,0.578,-0.443
0.056,0.578,-0.448
0.056,0.578,-0.452
0.058,0.578,-0.452
0.058,0.575,-0.462
0.06,0.574,-0.467
0.061,0.575,-0.471
0.055,0.567,-0.477
0.052,0.569,-0.482
0.052,0.572,-0.487
0.057,0.572,-0.487
0.054,0.57,-0.498
0.048,0.574,-0.501
0.042,0.58,-0.503
0.037,0.591,-0.506
0.028,0.592,-0.505
0.029,0.602,-0.508
0.029,0.602,-0.508
0.023,0.609,-0.509
0.016,0.616,-0.495
0.009,0.624,-0.502
0.008,0.632,-0.506
0.003,0.639,-0.506
-0.002,0.647,-0.5
-0.002,0.647,-0.5
-0.006,0.657,-0.492
-0.01,0.663,-0.495
-0.018,0.674,-0.486
-0.026,0.678,-0.485
-0.031,0.691,-0.484
-0.039,0.694,-0.479
-0.039,0.694,-0.479
-0.043,0.703,-0.478
-0.051,0.709,-0.474
-0.055,0.712,-0.47
-0.063,0.719,-0.465
-0.068,0.725,-0.465
-0.079,0.735,-0.466
-0.079,0.735,-0.466
-0.09,0.738,-0.448
-0.095,0.75,-0.437
-0.105,0.761,-0.431
-0.112,0.763,-0.419
-0.123,0.765,-0.406
-0.13,0.768,-0.395
-0.13,0.768,-0.395
-0.136,0.771,-0.384
-0.144,0.774,-0.372
-0.146,0.772,-0.364
-0.148,0.774,-0.355
-0.153,0.776,-0.335
-0.159,0.779,-0.341
-0.159,0.779,-0.341
-0.16,0.777,-0.332
-0.158,0.774,-0.32
-0.157,0.774,-0.318
-0.152,0.768,-0.314
-0.152,0.762,-0.315
-0.146,0.767,-0.309
-0.146,0.767,-0.312
-0.148,0.766,-0.312
-0.148,0.765,-0.313
-0.144,0.764,-0.315
-0.148,0.767,-0.308
-0.143,0.756,-0.309
-0.135,0.759,-0.3
-0.135,0.758,-0.301
-0.135,0.758,-0.301
-0.136,0.753,-0.292
-0.136,0.749,-0.292
-0.134,0.748,-0.283
-0.134,0.743,-0.282
-0.13,0.741,-0.278
-0.128,0.74,-0.274
-0.128,0.74,-0.274
-0.128,0.737,-0.27
-0.121,0.732,-0.262
-0.114,0.73,-0.262
-0.11,0.724,-0.258
-0.102,0.725,-0.264
-0.097,0.718,-0.265
-0.097,0.718,-0.265
-0.094,0.713,-0.26
-0.09,0.709,-0.259
-0.085,0.704,-0.262
-0.072,0.705,-0.26
-0.069,0.697,-0.258
-0.059,0.692,-0.269
-0.059,0.692,-0.269
-0.056,0.686,-0.262
-0.045,0.681,-0.258
-0.042,0.679,-0.261
-0.035,0.672,-0.263
-0.034,0.666,-0.267
-0.031,0.667,-0.259
-0.031,0.667,-0.259
-0.024,0.656,-0.267
-0.02,0.655,-0.267
-0.014,0.649,-0.265
-0.011,0.641,-0.262
-0.006,0.629,-0.266
-0.004,0.623,-0.26
-0.004,0.623,-0.26
0.001,0.612,-0.254
0.004,0.603,-0.244
0.006,0.593,-0.239
0.002,0.588,-0.232
0.007,0.579,-0.229
0.007,0.572,-0.227
0.007,0.572,-0.227
0.005,0.562,-0.221
0.008,0.548,-0.212
0.008,0.532,-0.205
0.005,0.517,-0.193
0.001,0.503,-0.185
-0.003,0.485,-0.179
-0.003,0.485,-0.165
-0.011,0.479,-0.165
-0.023,0.474,-0.148
-0.041,0.472,-0.14
-0.052,0.468,-0.125
-0.071,0.465,-0.124
-0.075,0.462,-0.117
-0.075,0.464,-0.117
-0.081,0.464,-0.117
-0.087,0.46,-0.111
-0.089,0.46,-0.102
-0.102,0.464,-0.101
-0.125,0.463,-0.088
-0.154,0.456,-0.082
-0.182,0.455,-0.074
-0.182,0.455,-0.074
-0.208,0.446,-0.065
-0.234,0.441,-0.067
-0.246,0.429,-0.063
-0.261,0.416,-0.066
-0.271,0.404,-0.063
-0.281,0.392,-0.063
-0.281,0.392,-0.063
-0.288,0.388,-0.067
-0.304,0.371,-0.069
-0.317,0.358,-0.076
-0.333,0.346,-0.09
-0.35,0.334,-0.099
-0.37,0.328,-0.107
-0.37,0.328,-0.107
-0.388,0.322,-0.128
-0.409,0.314,-0.14
-0.426,0.309,-0.15
-0.443,0.31,-0.167
-0.459,0.311,-0.179
-0.466,0.308,-0.189
-0.466,0.308,-0.189
-0.484,0.314,-0.202
-0.499,0.319,-0.22
-0.509,0.325,-0.229
-0.518,0.33,-0.24
-0.52,0.334,-0.255
-0.528,0.338,-0.267
-0.528,0.338,-0.267
-0.534,0.345,-0.284
-0.538,0.352,-0.29
-0.542,0.359,-0.308
-0.542,0.367,-0.319
-0.539,0.374,-0.332
-0.54,0.382,-0.336
-0.54,0.382,-0.336
-0.544,0.382,-0.35
-0.547,0.389,-0.358
-0.543,0.401,-0.367
-0.537,0.409,-0.381
-0.537,0.419,-0.377
-0.538,0.426,-0.377
-0.538,0.426,-0.372
-0.531,0.433,-0.372
-0.53,0.442,-0.369
-0.524,0.447,-0.377
-0.516,0.457,-0.375
-0.516,0.459,-0.379
-0.509,0.458,-0.378
-0.509,0.458,-0.378
-0.508,0.458,-0.378
-0.507,0.461,-0.38
-0.501,0.468,-0.381
-0.502,0.467,-0.385
-0.501,0.473,-0.38
-0.502,0.479,-0.39
-0.503,0.478,-0.397
-0.503,0.478,-0.397
-0.505,0.488,-0.407
-0.509,0.49,-0.409
-0.507,0.502,-0.42
-0.51,0.516,-0.432
-0.511,0.526,-0.436
-0.508,0.543,-0.439
-0.508,0.543,-0.439
-0.506,0.563,-0.444
-0.496,0.588,-0.449
-0.489,0.608,-0.45
-0.477,0.628,-0.449
-0.464,0.647,-0.451
-0.455,0.663,-0.45
-0.455,0.663,-0.45
-0.438,0.679,-0.447
-0.419,0.692,-0.444
-0.399,0.707,-0.441
-0.383,0.722,-0.442
-0.363,0.727,-0.431
-0.346,0.733,-0.434
-0.346,0.733,-0.434
-0.33,0.732,-0.433
-0.313,0.739,-0.421
-0.297,0.744,-0.424
-0.287,0.741,-0.42
-0.274,0.747,-0.418
-0.264,0.74,-0.414
-0.264,0.74,-0.414
-0.25,0.743,-0.417
-0.242,0.737,-0.408
-0.233,0.743,-0.406
-0.222,0.736,-0.398
-0.22,0.738,-0.391
-0.205,0.744,-0.394
-0.205,0.744,-0.394
-0.21,0.74,-0.391
-0.201,0.744,-0.384
-0.191,0.745,-0.378
-0.185,0.744,-0.375
-0.18,0.738,-0.372
-0.167,0.74,-0.363
-0.167,0.74,-0.371
-0.165,0.742,-0.371
-0.156,0.741,-0.368
-0.15,0.742,-0.365
-0.145,0.74,-0.363
-0.14,0.744,-0.367
-0.136,0.743,-0.362
-0.132,0.745,-0.362
-0.132,0.745,-0.362
-0.129,0.745,-0.363
-0.126,0.745,-0.363
-0.12,0.743,-0.368
-0.114,0.744,-0.366
-0.103,0.744,-0.368
-0.095,0.744,-0.37
-0.095,0.744,-0.37
-0.086,0.738,-0.371
-0.087,0.74,-0.373
-0.083,0.745,-0.384
-0.086,0.744,-0.386
-0.085,0.745,-0.393
-0.088,0.745,-0.399
-0.088,0.745,-0.399
-0.089,0.748,-0.404
-0.09,0.743,-0.407
-0.095,0.742,-0.41
-0.095,0.746,-0.416
-0.103,0.746,-0.413
-0.106,0.747,-0.408
-0.106,0.747,-0.408
-0.11,0.748,-0.409
-0.111,0.746,-0.397
-0.109,0.742,-0.396
-0.109,0.74,-0.399
-0.107,0.737,-0.399
-0.1,0.732,-0.396
-0.1,0.732,-0.396
-0.096,0.731,-0.396
-0.092,0.727,-0.399
-0.085,0.725,-0.399
-0.084,0.723,-0.402
-0.078,0.715,-0.41
-0.073,0.71,-0.415
-0.073,0.71,-0.415
-0.063,0.702,-0.422
-0.06,0.692,-0.433
-0.054,0.687,-0.433
-0.045,0.677,-0.437
-0.04,0.669,-0.444
-0.027,0.659,-0.449
-0.027,0.659,-0.449
-0.023,0.648,-0.459
-0.022,0.64,-0.455
-0.013,0.639,-0.473
-0.016,0.629,-0.488
-0.01,0.62,-0.494
-0.012,0.607,-0.504
-0.012,0.607,-0.518
-0.008,0.601,-0.518
-0.006,0.595,-0.53
-0.008,0.592,-0.539
-0.01,0.585,-0.545
-0.017,0.589,-0.555
-0.019,0.588,-0.557
-0.019,0.595,-0.559
-0.03,0.595,-0.559
-0.036,0.6,-0.566
-0.049,0.607,-0.575
-0.06,0.613,-0.578
-0.066,0.617,-0.584
-0.074,0.625,-0.588
-0.084,0.631,-0.589
-0.084,0.631,-0.589
-0.088,0.635,-0.588
-0.097,0.64,-0.588
-0.107,0.651,-0.582
-0.117,0.659,-0.584
-0.127,0.669,-0.581
-0.132,0.672,-0.577
-0.132,0.672,-0.577
-0.143,0.685,-0.58
-0.154,0.694,-0.574
-0.156,0.7,-0.572
-0.163,0.707,-0.564
-0.175,0.719,-0.55
-0.187,0.727,-0.542
-0.187,0.727,-0.542
-0.192,0.738,-0.539
-0.203,0.744,-0.527
-0.207,0.753,-0.52
-0.21,0.751,-0.515
-0.213,0.756,-0.505
-0.214,0.761,-0.499
-0.214,0.761,-0.499
-0.218,0.763,-0.488
-0.221,0.767,-0.481
-0.232,0.771,-0.468
-0.234,0.773,-0.452
-0.237,0.777,-0.449
-0.236,0.781,-0.436
-0.236,0.781,-0.436
-0.243,0.787,-0.428
-0.242,0.783,-0.421
-0.246,0.788,-0.405
-0.246,0.787,-0.403
-0.249,0.787,-0.392
-0.249,0.789,-0.383
-0.249,0.789,-0.383
-0.258,0.792,-0.367
-0.264,0.79,-0.358
-0.268,0.794,-0.335
-0.274,0.79,-0.337
-0.272,0.789,-0.321
-0.273,0.786,-0.312
-0.273,0.79,-0.304
-0.274,0.79,-0.304
-0.272,0.787,-0.292
-0.272,0.783,-0.285
-0.267,0.78,-0.272
-0.256,0.774,-0.256
-0.254,0.771,-0.245
-0.25,0.768,-0.225
-0.25,0.768,-0.225
-0.239,0.759,-0.216
-0.238,0.746,-0.209
-0.232,0.735,-0.187
-0.224,0.719,-0.175
-0.214,0.71,-0.16
-0.206,0.702,-0.149
-0.206,0.702,-0.149
-0.192,0.685,-0.143
-0.185,0.675,-0.139
-0.17,0.662,-0.129
-0.16,0.656,-0.127
-0.149,0.646,-0.131
-0.138,0.641,-0.135
-0.138,0.641,-0.135
-0.132,0.628,-0.123
-0.126,0.623,-0.125
-0.119,0.614,-0.123
-0.115,0.602,-0.123
-0.109,0.589,-0.12
-0.099,0.579,-0.118
-0.099,0.579,-0.118
-0.093,0.566,-0.114
-0.082,0.55,-0.116
-0.078,0.536,-0.115
-0.075,0.525,-0.11
-0.068,0.507,-0.109
-0.073,0.494,-0.102
-0.073,0.494,-0.102
-0.078,0.479,-0.103
-0.078,0.463,-0.103
-0.083,0.449,-0.1
-0.081,0.433,-0.094
-0.085,0.421,-0.096
-0.092,0.409,-0.091
-0.092,0.409,-0.091
-0.097,0.398,-0.086
-0.112,0.388,-0.084
-0.125,0.381,-0.077
-0.149,0.378,-0.073
-0.158,0.378,-0.07
-0.178,0.368,-0.068
-0.178,0.368,-0.067
-0.189,0.369,-0.067
-0.199,0.365,-0.067
-0.21,0.355,-0.072
-0.224,0.353,-0.073
-0.234,0.349,-0.076
-0.242,0.347,-0.073
-0.242,0.344,-0.076
-0.246,0.344,-0.076
-0.258,0.343,-0.073
-0.267,0.338,-0.073
-0.275,0.344,-0.088
-0.288,0.338,-0.087
-0.292,0.336,-0.085
-0.304,0.334,-0.082
-0.304,0.334,-0.082
-0.313,0.331,-0.088
-0.319,0.331,-0.098
-0.336,0.334,-0.098
-0.352,0.339,-0.093
-0.361,0.343,-0.106
-0.366,0.352,-0.107
-0.366,0.352,-0.107
-0.371,0.356,-0.105
-0.373,0.357,-0.108
-0.372,0.359,-0.113
-0.373,0.362,-0.106
-0.378,0.358,-0.11
-0.376,0.361,-0.112
-0.376,0.361,-0.112
-0.38,0.37,-0.112
-0.389,0.374,-0.117
-0.395,0.381,-0.124
-0.398,0.384,-0.133
-0.406,0.392,-0.133
-0.414,0.402,-0.14
-0.414,0.402,-0.14
-0.427,0.41,-0.14
-0.427,0.411,-0.147
-0.436,0.42,-0.153
-0.441,0.424,-0.158
-0.446,0.424,-0.167
-0.457,0.434,-0.179
-0.457,0.434,-0.179
-0.455,0.443,-0.183
-0.461,0.449,-0.192
-0.464,0.452,-0.195
-0.47,0.463,-0.208
-0.479,0.474,-0.215
-0.485,0.487,-0.232
-0.485,0.487,-0.232
-0.492,0.496,-0.258
-0.498,0.499,-0.26
-0.499,0.506,-0.271
-0.499,0.51,-0.273
-0.502,0.511,-0.28
-0.503,0.515,-0.282
-0.503,0.515,-0.289
-0.502,0.519,-0.289
-0.504,0.527,-0.3
-0.502,0.533,-0.308
-0.502,0.543,-0.321
-0.506,0.546,-0.322
-0.51,0.545,-0.342
-0.51,0.553,-0.342
-0.51,0.553,-0.342
-0.508,0.557,-0.354
-0.509,0.56,-0.362
-0.507,0.566,-0.363
-0.508,0.571,-0.372
-0.503,0.577,-0.378
-0.499,0.582,-0.384
-0.499,0.582,-0.384
-0.497,0.591,-0.394
-0.493,0.599,-0.401
-0.488,0.614,-0.398
-0.483,0.623,-0.41
-0.475,0.632,-0.411
-0.467,0.642,-0.413
-0.467,0.642,-0.413
-0.453,0.651,-0.412
-0.446,0.661,-0.424
-0.436,0.671,-0.429
-0.421,0.675,-0.428
-0.41,0.687,-0.435
-0.398,0.698,-0.438
-0.398,0.698,-0.438
-0.38,0.701,-0.434
-0.368,0.706,-0.447
-0.351,0.707,-0.446
-0.337,0.715,-0.437
-0.325,0.716,-0.446
-0.315,0.717,-0.451
-0.315,0.717,-0.451
-0.301,0.718,-0.451
-0.288,0.722,-0.449
-0.28,0.722,-0.445
-0.267,0.722,-0.443
-0.26,0.721,-0.443
-0.249,0.723,-0.438
-0.249,0.723,-0.438
-0.241,0.721,-0.441
-0.233,0.72,-0.434
-0.224,0.721,-0.425
-0.215,0.719,-0.428
-0.205,0.72,-0.423
-0.196,0.723,-0.414
-0.196,0.723,-0.414
-0.188,0.72,-0.418
-0.179,0.722,-0.415
-0.171,0.718,-0.411
-0.164,0.723,-0.412
-0.156,0.721,-0.41
-0.147,0.72,-0.41
-0.147,0.72,-0.404
-0.14,0.722,-0.404
-0.128,0.721,-0.413
-0.113,0.72,-0.405
-0.105,0.721,-0.407
-0.087,0.721,-0.408
-0.072,0.718,-0.406
-0.072,0.715,-0.409
-0.059,0.715,-0.409
-0.038,0.715,-0.414
-0.028,0.717,-0.417
-0.019,0.723,-0.422
-0.006,0.726,-0.427
0.003,0.725,-0.434
0.001,0.728,-0.439
0.001,0.728,-0.439
0.004,0.729,-0.45
-0.005,0.727,-0.46
-0.004,0.726,-0.469
-0.015,0.724,-0.476
-0.027,0.721,-0.473
-0.03,0.708,-0.473
-0.03,0.708,-0.473
-0.039,0.699,-0.469
-0.037,0.693,-0.459
-0.033,0.685,-0.447
-0.034,0.681,-0.452
-0.032,0.677,-0.448
-0.035,0.672,-0.444
-0.035,0.672,-0.444
-0.029,0.662,-0.442
-0.024,0.658,-0.448
-0.02,0.651,-0.446
-0.018,0.645,-0.449
-0.012,0.639,-0.458
-0.016,0.627,-0.456
-0.016,0.627,-0.456
-0.011,0.62,-0.456
-0.01,0.619,-0.463
-0.011,0.613,-0.466
-0.009,0.613,-0.476
-0.008,0.61,-0.486
-0.009,0.606,-0.487
-0.009,0.606,-0.487
-0.006,0.605,-0.497
-0.003,0.605,-0.503
-0.005,0.611,-0.517
-0.003,0.61,-0.53
-0.014,0.62,-0.539
-0.017,0.638,-0.544
-0.017,0.638,-0.544
-0.028,0.644,-0.548
-0.036,0.655,-0.546
-0.05,0.671,-0.547
-0.063,0.679,-0.549
-0.078,0.689,-0.547
-0.082,0.698,-0.548
-0.082,0.698,-0.541
-0.092,0.705,-0.541
-0.105,0.71,-0.537
-0.11,0.721,-0.529
-0.117,0.723,-0.528
-0.128,0.733,-0.523
-0.14,0.737,-0.515
-0.149,0.747,-0.506
-0.149,0.747,-0.506
-0.16,0.75,-0.503
-0.162,0.761,-0.497
-0.168,0.766,-0.483
-0.182,0.773,-0.468
-0.191,0.774,-0.46
-0.2,0.783,-0.45
-0.2,0.783,-0.45
-0.207,0.786,-0.438
-0.213,0.791,-0.431
-0.219,0.796,-0.423
-0.222,0.799,-0.417
-0.225,0.797,-0.409
-0.229,0.8,-0.411
-0.229,0.8,-0.411
-0.235,0.795,-0.402
-0.237,0.798,-0.397
-0.246,0.8,-0.39
-0.244,0.798,-0.382
-0.251,0.798,-0.381
-0.256,0.794,-0.37
-0.256,0.794,-0.37
-0.265,0.79,-0.354
-0.273,0.794,-0.348
-0.279,0.793,-0.336
-0.293,0.791,-0.325
-0.301,0.784,-0.318
-0.308,0.785,-0.304
-0.308,0.785,-0.304
-0.311,0.783,-0.294
-0.315,0.778,-0.276
-0.316,0.771,-0.267
-0.319,0.77,-0.26
-0.323,0.764,-0.247
-0.328,0.76,-0.241
-0.328,0.76,-0.241
-0.318,0.755,-0.237
-0.311,0.753,-0.234
-0.305,0.749,-0.232
-0.294,0.748,-0.231
-0.288,0.746,-0.218
-0.28,0.743,-0.214
-0.28,0.743,-0.214
-0.27,0.741,-0.215
-0.266,0.736,-0.212
-0.255,0.734,-0.203
-0.245,0.728,-0.201
-0.24,0.729,-0.2
-0.238,0.73,-0.2
-0.238,0.73,-0.198
-0.234,0.723,-0.198
-0.226,0.722,-0.196
-0.221,0.716,-0.194
-0.22,0.709,-0.188
-0.216,0.704,-0.179
-0.209,0.701,-0.173
-0.212,0.698,-0.171
-0.212,0.698,-0.171
-0.207,0.694,-0.168
-0.201,0.691,-0.161
-0.194,0.685,-0.161
-0.186,0.679,-0.153
-0.184,0.676,-0.153
-0.181,0.669,-0.153
-0.181,0.669,-0.153
-0.174,0.664,-0.147
-0.171,0.657,-0.137
-0.163,0.649,-0.139
-0.159,0.642,-0.133
-0.159,0.632,-0.128
-0.152,0.63,-0.123
-0.152,0.63,-0.123
-0.151,0.624,-0.127
-0.15,0.62,-0.121
-0.155,0.612,-0.116
-0.154,0.606,-0.113
-0.156,0.605,-0.111
-0.16,0.6,-0.109
-0.16,0.6,-0.109
-0.162,0.599,-0.108
-0.167,0.599,-0.103
-0.169,0.59,-0.102
-0.171,0.591,-0.103
-0.175,0.589,-0.098
-0.179,0.585,-0.106
-0.179,0.585,-0.106
-0.182,0.585,-0.1
-0.194,0.576,-0.097
-0.197,0.573,-0.1
-0.203,0.57,-0.095
-0.211,0.56,-0.094
-0.221,0.551,-0.092
-0.221,0.551,-0.092
-0.225,0.543,-0.089
-0.232,0.533,-0.085
-0.239,0.526,-0.085
-0.242,0.514,-0.078
-0.25,0.507,-0.079
-0.25,0.495,-0.077
-0.25,0.487,-0.08
-0.255,0.487,-0.08
-0.265,0.477,-0.075
-0.276,0.468,-0.069
-0.282,0.451,-0.072
-0.304,0.44,-0.072
-0.313,0.429,-0.071
-0.32,0.418,-0.077
-0.32,0.418,-0.077
-0.331,0.406,-0.084
-0.344,0.392,-0.083
-0.354,0.385,-0.092
-0.37,0.383,-0.099
-0.38,0.376,-0.096
-0.394,0.375,-0.115
-0.394,0.375,-0.115
-0.41,0.374,-0.122
-0.416,0.369,-0.133
-0.438,0.371,-0.135
-0.446,0.369,-0.153
-0.46,0.37,-0.166
-0.472,0.374,-0.18
-0.472,0.374,-0.18
-0.483,0.374,-0.2
-0.492,0.384,-0.205
-0.506,0.39,-0.216
-0.509,0.396,-0.233
-0.519,0.4,-0.251
-0.521,0.41,-0.261
-0.521,0.41,-0.261
-0.523,0.419,-0.273
-0.528,0.433,-0.288
-0.524,0.439,-0.292
-0.528,0.446,-0.302
-0.525,0.454,-0.307
-0.525,0.451,-0.31
-0.525,0.451,-0.31
-0.518,0.46,-0.315
-0.517,0.463,-0.33
-0.517,0.466,-0.331
-0.516,0.467,-0.333
-0.513,0.466,-0.337
-0.515,0.464,-0.337
-0.515,0.464,-0.337
-0.52,0.468,-0.352
-0.518,0.466,-0.361
-0.524,0.475,-0.363
-0.53,0.483,-0.356
-0.539,0.497,-0.355
-0.545,0.505,-0.347
-0.545,0.505,-0.353
-0.549,0.528,-0.353
-0.547,0.55,-0.361
-0.544,0.577,-0.359
-0.537,0.609,-0.362
-0.528,0.638,-0.371
-0.508,0.668,-0.381
-0.508,0.695,-0.382
-0.486,0.695,-0.382
-0.462,0.713,-0.387
-0.437,0.733,-0.392
-0.412,0.746,-0.385
-0.382,0.759,-0.382
-0.359,0.764,-0.382
-0.333,0.767,-0.377
-0.333,0.767,-0.377
-0.31,0.766,-0.366
-0.294,0.766,-0.362
-0.279,0.763,-0.364
-0.268,0.764,-0.362
-0.261,0.762,-0.365
-0.251,0.76,-0.361
-0.251,0.76,-0.361
-0.24,0.754,-0.361
-0.231,0.756,-0.364
-0.226,0.757,-0.353
-0.22,0.756,-0.357
-0.213,0.752,-0.351
-0.204,0.754,-0.348
-0.204,0.754,-0.348
-0.191,0.749,-0.347
-0.181,0.752,-0.339
-0.166,0.755,-0.341
-0.157,0.75,-0.333
-0.147,0.749,-0.336
-0.136,0.752,-0.342
-0.136,0.752,-0.342
-0.126,0.748,-0.337
-0.124,0.747,-0.34
-0.116,0.748,-0.341
-0.104,0.744,-0.349
-0.099,0.743,-0.346
-0.094,0.744,-0.351
-0.094,0.744,-0.351
-0.089,0.745,-0.352
-0.081,0.742,-0.351
-0.079,0.741,-0.362
-0.078,0.733,-0.367
-0.077,0.73,-0.368
-0.068,0.729,-0.364
-0.068,0.729,-0.364
-0.067,0.726,-0.375
-0.063,0.719,-0.38
-0.059,0.72,-0.381
-0.064,0.716,-0.387
-0.058,0.711,-0.39
-0.054,0.707,-0.393
-0.054,0.707,-0.393
-0.05,0.701,-0.393
-0.048,0.695,-0.395
-0.044,0.692,-0.391
-0.038,0.684,-0.395
-0.035,0.683,-0.397
-0.034,0.679,-0.392
-0.034,0.675,-0.401
-0.034,0.675,-0.401
-0.025,0.67,-0.406
-0.025,0.665,-0.414
-0.022,0.661,-0.412
-0.016,0.657,-0.412
-0.009,0.645,-0.421
-0.001,0.636,-0.429
-0.001,0.636,-0.429
0.012,0.624,-0.436
0.02,0.613,-0.447
0.03,0.603,-0.45
0.035,0.587,-0.463
0.036,0.585,-0.482
0.038,0.58,-0.497
0.038,0.58,-0.497
0.036,0.587,-0.514
0.029,0.588,-0.516
0.026,0.593,-0.533
0.017,0.607,-0.531
0.008,0.612,-0.532
0.001,0.62,-0.534
0.001,0.62,-0.534
-0.009,0.627,-0.544
-0.019,0.634,-0.54
-0.022,0.637,-0.535
-0.031,0.646,-0.536
-0.04,0.647,-0.539
-0.043,0.655,-0.54
-0.043,0.655,-0.54
-0.055,0.662,-0.551
-0.063,0.669,-0.546
-0.066,0.676,-0.548
-0.073,0.683,-0.551
-0.081,0.687,-0.544
-0.096,0.692,-0.54
-0.096,0.692,-0.54
-0.105,0.701,-0.544
-0.117,0.706,-0.548
-0.122,0.711,-0.545
-0.134,0.712,-0.543
-0.146,0.719,-0.539
-0.153,0.725,-0.538
-0.153,0.725,-0.538
-0.169,0.726,-0.538
-0.183,0.735,-0.533
-0.192,0.742,-0.532
-0.198,0.747,-0.521
-0.208,0.755,-0.521
-0.209,0.758,-0.507
-0.209,0.757,-0.504
-0.219,0.757,-0.504
-0.223,0.765,-0.499
-0.223,0.773,-0.489
-0.219,0.772,-0.476
-0.226,0.776,-0.468
-0.225,0.781,-0.457
-0.23,0.777,-0.448
-0.23,0.777,-0.448
-0.232,0.777,-0.444
-0.23,0.783,-0.433
-0.231,0.783,-0.425
-0.228,0.782,-0.415
-0.23,0.783,-0.411
-0.231,0.788,-0.398
-0.231,0.788,-0.398
-0.232,0.789,-0.391
-0.228,0.79,-0.382
-0.228,0.786,-0.37
-0.229,0.785,-0.374
-0.225,0.782,-0.366
-0.223,0.782,-0.363
-0.223,0.782,-0.363
-0.223,0.779,-0.349
-0.218,0.776,-0.336
-0.214,0.776,-0.339
-0.215,0.771,-0.333
-0.204,0.768,-0.327
-0.202,0.768,-0.322
-0.202,0.768,-0.322
-0.197,0.768,-0.314
-0.191,0.764,-0.309
-0.183,0.762,-0.306
-0.174,0.761,-0.308
-0.169,0.759,-0.31
-0.16,0.755,-0.307
-0.16,0.755,-0.307
-0.158,0.754,-0.307
-0.154,0.752,-0.304
-0.148,0.745,-0.304
-0.151,0.744,-0.291
-0.149,0.743,-0.285
-0.145,0.739,-0.272
-0.145,0.739,-0.272
-0.147,0.737,-0.265
-0.151,0.732,-0.254
-0.155,0.728,-0.238
-0.154,0.722,-0.223
-0.154,0.712,-0.219
-0.15,0.71,-0.209
-0.15,0.705,-0.207
-0.151,0.705,-0.207
-0.149,0.701,-0.205
-0.146,0.695,-0.195
-0.154,0.692,-0.191
-0.16,0.69,-0.185
-0.157,0.684,-0.17
-0.168,0.682,-0.165
-0.168,0.682,-0.165
-0.166,0.673,-0.157
-0.165,0.662,-0.154
-0.162,0.656,-0.147
-0.159,0.653,-0.142
-0.153,0.649,-0.135
-0.153,0.641,-0.14
-0.153,0.641,-0.14
-0.158,0.636,-0.136
-0.155,0.639,-0.133
-0.153,0.627,-0.128
-0.145,0.622,-0.12
-0.148,0.619,-0.122
-0.149,0.614,-0.119
-0.149,0.614,-0.119
-0.147,0.607,-0.12
-0.157,0.609,-0.121
-0.156,0.605,-0.119
-0.16,0.599,-0.115
-0.169,0.599,-0.117
-0.171,0.596,-0.116
-0.171,0.596,-0.116
-0.18,0.587,-0.105
-0.181,0.581,-0.104
-0.189,0.573,-0.103
-0.192,0.567,-0.095
-0.198,0.555,-0.088
-0.206,0.545,-0.095
-0.206,0.545,-0.095
-0.219,0.539,-0.088
-0.22,0.526,-0.088
-0.222,0.517,-0.087
-0.221,0.506,-0.079
-0.212,0.495,-0.08
-0.215,0.491,-0.086
-0.215,0.491,-0.086
-0.217,0.485,-0.077
-0.21,0.479,-0.077
-0.212,0.47,-0.077
-0.211,0.46,-0.072
-0.213,0.448,-0.071
-0.211,0.437,-0.071
-0.211,0.437,-0.068
-0.214,0.426,-0.068
-0.224,0.417,-0.068
-0.235,0.401,-0.073
-0.251,0.385,-0.071
-0.264,0.37,-0.072
-0.288,0.354,-0.075
-0.288,0.347,-0.084
-0.314,0.347,-0.084
-0.331,0.338,-0.091
-0.357,0.335,-0.108
-0.379,0.331,-0.122
-0.404,0.329,-0.136
-0.422,0.335,-0.151
-0.439,0.334,-0.167
-0.439,0.334,-0.167
-0.46,0.337,-0.18
-0.472,0.344,-0.193
-0.483,0.352,-0.214
-0.492,0.357,-0.228
-0.502,0.358,-0.236
-0.506,0.371,-0.251
-0.506,0.371,-0.251
-0.514,0.383,-0.258
-0.514,0.391,-0.259
-0.512,0.395,-0.258
-0.514,0.4,-0.261
-0.507,0.405,-0.249
-0.502,0.41,-0.242
-0.502,0.41,-0.242
-0.497,0.408,-0.236
-0.488,0.406,-0.229
-0.486,0.398,-0.225
-0.484,0.399,-0.22
-0.479,0.404,-0.222
-0.483,0.399,-0.226
-0.483,0.399,-0.226
-0.482,0.406,-0.23
-0.481,0.416,-0.238
-0.485,0.418,-0.242
-0.479,0.42,-0.241
-0.479,0.424,-0.247
-0.476,0.424,-0.256
-0.476,0.424,-0.256
-0.474,0.431,-0.257
-0.473,0.431,-0.263
-0.469,0.43,-0.269
-0.466,0.435,-0.263
-0.464,0.431,-0.261
-0.459,0.431,-0.258
-0.459,0.431,-0.258
-0.464,0.427,-0.253
-0.463,0.424,-0.256
-0.462,0.424,-0.26
-0.466,0.424,-0.262
-0.477,0.426,-0.268
-0.486,0.435,-0.279
-0.486,0.435,-0.285
-0.487,0.437,-0.285
-0.496,0.445,-0.29
-0.5,0.452,-0.299
-0.503,0.46,-0.291
-0.512,0.471,-0.305
-0.521,0.484,-0.297
-0.521,0.497,-0.304
-0.525,0.497,-0.304
-0.526,0.515,-0.301
-0.527,0.532,-0.314
-0.528,0.555,-0.319
-0.518,0.574,-0.322
-0.518,0.593,-0.323
-0.51,0.612,-0.326
-0.51,0.612,-0.326
-0.498,0.635,-0.326
-0.485,0.648,-0.34
-0.465,0.67,-0.343
-0.447,0.69,-0.359
-0.424,0.702,-0.368
-0.398,0.708,-0.376
-0.398,0.708,-0.376
-0.378,0.716,-0.381
-0.355,0.722,-0.386
-0.337,0.726,-0.391
-0.316,0.721,-0.398
-0.289,0.724,-0.404
-0.271,0.726,-0.408
-0.271,0.726,-0.408
-0.256,0.727,-0.42
-0.239,0.724,-0.427
-0.221,0.722,-0.432
-0.202,0.718,-0.431
-0.187,0.713,-0.432
-0.174,0.714,-0.427
-0.174,0.714,-0.427
-0.159,0.716,-0.43
-0.145,0.715,-0.435
-0.133,0.717,-0.429
-0.126,0.721,-0.437
-0.116,0.721,-0.436
-0.101,0.719,-0.442
-0.101,0.719,-0.442
-0.089,0.722,-0.437
-0.07,0.723,-0.444
-0.056,0.723,-0.446
-0.038,0.718,-0.454
-0.024,0.718,-0.464
-0.01,0.719,-0.479
-0.01,0.719,-0.479
0.003,0.714,-0.489
0.003,0.714,-0.492
-0.006,0.711,-0.509
-0.013,0.709,-0.493
-0.022,0.704,-0.5
-0.028,0.697,-0.493
-0.028,0.694,-0.487
-0.029,0.694,-0.487
-0.033,0.688,-0.479
-0.031,0.681,-0.474
-0.035,0.678,-0.465
-0.029,0.664,-0.458
-0.026,0.655,-0.453
-0.019,0.649,-0.45
-0.019,0.649,-0.45
-0.015,0.647,-0.449
-0.015,0.638,-0.448
-0.01,0.633,-0.444
-0.01,0.627,-0.444
-0.0,0.62,-0.442
-0.0,0.614,-0.44
-0.0,0.614,-0.44
0.002,0.608,-0.439
0.007,0.599,-0.438
0.01,0.596,-0.44
0.008,0.586,-0.435
0.01,0.587,-0.441
0.011,0.58,-0.438
0.011,0.58,-0.438
0.01,0.576,-0.436
0.009,0.571,-0.439
0.006,0.57,-0.437
0.009,0.558,-0.444
0.009,0.552,-0.449
0.004,0.551,-0.445
0.004,0.551,-0.445
0.009,0.546,-0.44
0.008,0.539,-0.443
0.009,0.538,-0.452
0.005,0.544,-0.459
0.006,0.545,-0.458
0.01,0.549,-0.461
0.01,0.549,-0.461
0.011,0.555,-0.473
0.005,0.564,-0.471
0.002,0.569,-0.488
-0.002,0.578,-0.495
-0.011,0.588,-0.501
-0.021,0.596,-0.505
-0.021,0.596,-0.505
-0.025,0.606,-0.512
-0.036,0.618,-0.512
-0.043,0.628,-0.518
-0.054,0.646,-0.522
-0.069,0.664,-0.524
-0.096,0.684,-0.525
-0.096,0.684,-0.525
-0.121,0.702,-0.522
-0.153,0.723,-0.516
-0.189,0.738,-0.505
-0.217,0.753,-0.489
-0.248,0.763,-0.473
-0.264,0.768,-0.463
-0.264,0.768,-0.459
-0.288,0.772,-0.459
-0.299,0.771,-0.449
-0.311,0.77,-0.438
-0.325,0.775,-0.435
-0.33,0.775,-0.431
-0.335,0.773,-0.423
-0.335,0.776,-0.409
-0.335,0.776,-0.409
-0.339,0.776,-0.404
-0.342,0.78,-0.395
-0.349,0.779,-0.388
-0.351,0.778,-0.371
-0.35,0.779,-0.364
-0.352,0.78,-0.362
-0.352,0.78,-0.362
-0.352,0.781,-0.346
-0.35,0.776,-0.342
-0.343,0.784,-0.322
-0.337,0.78,-0.329
-0.335,0.779,-0.322
-0.333,0.776,-0.308
-0.333,0.776,-0.308
-0.323,0.778,-0.305
-0.316,0.773,-0.286
-0.309,0.772,-0.285
-0.295,0.771,-0.271
-0.281,0.769,-0.265
-0.27,0.765,-0.259
-0.27,0.765,-0.259
-0.254,0.763,-0.254
-0.243,0.763,-0.245
-0.23,0.759,-0.241
-0.21,0.755,-0.243
-0.204,0.75,-0.237
-0.188,0.742,-0.231
-0.188,0.742,-0.231
-0.177,0.742,-0.24
-0.167,0.741,-0.235
-0.161,0.738,-0.233
-0.154,0.731,-0.239
-0.146,0.73,-0.23
-0.137,0.722,-0.22
-0.137,0.722,-0.22
-0.132,0.718,-0.225
-0.122,0.71,-0.224
-0.114,0.705,-0.22
-0.103,0.697,-0.222
-0.097,0.688,-0.221
-0.086,0.683,-0.214
-0.086,0.683,-0.214
-0.079,0.676,-0.211
-0.071,0.668,-0.217
-0.062,0.661,-0.212
-0.057,0.65,-0.221
-0.05,0.647,-0.216
-0.043,0.642,-0.213
-0.043,0.642,-0.215
-0.045,0.635,-0.215
-0.039,0.628,-0.214
-0.032,0.624,-0.213
-0.026,0.616,-0.215
-0.022,0.613,-0.217
-0.022,0.604,-0.215
-0.022,0.598,-0.214
-0.017,0.598,-0.214
-0.013,0.591,-0.219
-0.009,0.59,-0.22
-0.008,0.583,-0.223
-0.001,0.579,-0.221
-0.0,0.573,-0.225
0.004,0.565,-0.223
0.004,0.565,-0.223
-0.0,0.558,-0.222
0.005,0.552,-0.228
0.009,0.544,-0.221
0.007,0.532,-0.225
0.008,0.524,-0.22
0.007,0.524,-0.216
0.007,0.524,-0.216
0.007,0.522,-0.219
0.009,0.515,-0.212
-0.001,0.507,-0.202
0.002,0.501,-0.197
0.0,0.498,-0.195
-0.003,0.494,-0.198
-0.003,0.494,-0.198
0.002,0.488,-0.197
0.001,0.482,-0.19
-0.005,0.477,-0.189
-0.01,0.473,-0.186
-0.014,0.468,-0.183
-0.026,0.464,-0.172
-0.026,0.464,-0.172
-0.034,0.464,-0.164
-0.042,0.46,-0.149
-0.055,0.451,-0.14
-0.071,0.445,-0.132
-0.082,0.442,-0.124
-0.099,0.432,-0.109
-0.099,0.432,-0.109
-0.116,0.418,-0.105
-0.141,0.404,-0.105
-0.164,0.398,-0.096
-0.183,0.388,-0.092
-0.199,0.389,-0.085
-0.211,0.383,-0.082
-0.211,0.383,-0.082
-0.227,0.383,-0.082
-0.24,0.381,-0.087
-0.259,0.372,-0.076
-0.272,0.378,-0.079
-0.293,0.376,-0.08
-0.312,0.377,-0.08
-0.312,0.377,-0.078
-0.332,0.375,-0.078
-0.351,0.382,-0.097
-0.378,0.382,-0.095
-0.4,0.383,-0.108
-0.425,0.386,-0.114
-0.444,0.39,-0.119
-0.444,0.388,-0.136
-0.453,0.388,-0.136
-0.465,0.391,-0.147
-0.473,0.392,-0.163
-0.485,0.395,-0.168
-0.494,0.397,-0.18
-0.5,0.398,-0.188
-0.508,0.398,-0.197
-0.508,0.398,-0.197
-0.51,0.402,-0.201
-0.518,0.401,-0.206
-0.523,0.406,-0.21
-0.525,0.407,-0.217
-0.53,0.412,-0.22
-0.527,0.419,-0.225
-0.527,0.419,-0.225
-0.529,0.425,-0.224
-0.528,0.432,-0.23
-0.525,0.438,-0.226
-0.524,0.445,-0.23
-0.521,0.45,-0.23
-0.523,0.46,-0.235
-0.523,0.46,-0.235
-0.52,0.461,-0.237
-0.52,0.464,-0.246
-0.521,0.464,-0.256
-0.521,0.471,-0.261
-0.525,0.475,-0.271
-0.53,0.477,-0.286
-0.53,0.477,-0.286
-0.528,0.48,-0.296
-0.534,0.489,-0.306
-0.535,0.492,-0.319
-0.534,0.496,-0.324
-0.533,0.509,-0.332
-0.532,0.517,-0.336
-0.532,0.517,-0.336
-0.533,0.532,-0.341
-0.531,0.546,-0.338
-0.534,0.558,-0.344
-0.526,0.577,-0.34
-0.521,0.598,-0.354
-0.513,0.616,-0.36
-0.513,0.616,-0.36
-0.507,0.636,-0.367
-0.49,0.652,-0.38
-0.476,0.667,-0.397
-0.459,0.677,-0.408
-0.44,0.688,-0.423
-0.418,0.699,-0.433
-0.418,0.705,-0.433
-0.394,0.705,-0.433
-0.374,0.717,-0.436
-0.355,0.722,-0.432
-0.338,0.727,-0.43
-0.322,0.731,-0.431
-0.307,0.738,-0.427
-0.292,0.736,-0.422
-0.292,0.736,-0.422
-0.276,0.738,-0.419
-0.262,0.74,-0.425
-0.25,0.742,-0.418
-0.232,0.743,-0.414
-0.217,0.744,-0.404
-0.205,0.746,-0.41
-0.205,0.746,-0.41
-0.189,0.742,-0.409
-0.178,0.747,-0.399
-0.165,0.743,-0.404
-0.153,0.744,-0.406
-0.146,0.744,-0.407
-0.13,0.748,-0.41
-0.13,0.748,-0.41
-0.127,0.748,-0.409
-0.113,0.749,-0.426
-0.105,0.745,-0.425
-0.101,0.747,-0.436
-0.095,0.747,-0.435
-0.095,0.746,-0.456
-0.095,0.746,-0.456
-0.084,0.749,-0.464
-0.082,0.749,-0.475
-0.077,0.742,-0.484
-0.082,0.741,-0.493
-0.079,0.739,-0.508
-0.086,0.741,-0.513
-0.086,0.741,-0.513
-0.092,0.742,-0.52
-0.097,0.738,-0.52
-0.109,0.736,-0.528
-0.11,0.735,-0.518
-0.116,0.733,-0.516
-0.125,0.73,-0.502
-0.125,0.73,-0.502
-0.128,0.726,-0.498
-0.137,0.727,-0.496
-0.135,0.726,-0.488
-0.132,0.72,-0.477
-0.132,0.717,-0.466
-0.126,0.711,-0.458
-0.126,0.711,-0.454
-0.115,0.705,-0.454
-0.112,0.705,-0.447
-0.103,0.7,-0.446
-0.1,0.692,-0.44
-0.093,0.689,-0.445
-0.09,0.681,-0.447
-0.09,0.673,-0.438
-0.087,0.673,-0.438
-0.084,0.665,-0.432
-0.089,0.647,-0.427
-0.085,0.637,-0.419
-0.088,0.618,-0.406
-0.087,0.599,-0.41
-0.091,0.577,-0.403
-0.091,0.577,-0.403
-0.086,0.55,-0.394
-0.071,0.529,-0.383
-0.043,0.508,-0.387
-0.018,0.501,-0.406
0.007,0.506,-0.437
0.015,0.528,-0.48
0.015,0.528,-0.48
0.01,0.56,-0.51
-0.009,0.589,-0.524
-0.027,0.616,-0.532
-0.04,0.64,-0.537
-0.057,0.658,-0.538
-0.074,0.675,-0.538
-0.074,0.675,-0.538
-0.09,0.691,-0.542
-0.105,0.7,-0.539
-0.114,0.712,-0.531
-0.124,0.721,-0.531
-0.133,0.728,-0.524
-0.143,0.735,-0.519
-0.143,0.735,-0.519
-0.143,0.739,-0.52
-0.144,0.742,-0.512
-0.136,0.746,-0.512
-0.137,0.747,-0.507
-0.131,0.751,-0.503
-0.134,0.747,-0.499
-0.134,0.747,-0.499
-0.141,0.753,-0.494
-0.144,0.757,-0.498
-0.152,0.759,-0.485
-0.157,0.761,-0.485
-0.166,0.765,-0.48
-0.179,0.77,-0.482
-0.179,0.77,-0.482
-0.176,0.768,-0.475
-0.186,0.772,-0.469
-0.191,0.776,-0.462
-0.195,0.779,-0.447
-0.204,0.788,-0.436
-0.213,0.785,-0.435
-0.213,0.785,-0.417
-0.222,0.794,-0.417
-0.229,0.79,-0.404
-0.23,0.791,-0.394
-0.23,0.793,-0.382
-0.226,0.79,-0.363
-0.218,0.786,-0.363
-0.214,0.786,-0.351
-0.214,0.786,-0.351
-0.212,0.784,-0.336
-0.208,0.781,-0.33
-0.201,0.772,-0.322
-0.194,0.773,-0.306
-0.195,0.767,-0.299
-0.19,0.765,-0.291
-0.19,0.765,-0.291
-0.186,0.763,-0.294
-0.184,0.758,-0.292
-0.176,0.759,-0.297
-0.179,0.757,-0.288
-0.172,0.75,-0.283
-0.167,0.751,-0.277
-0.167,0.751,-0.277
-0.167,0.747,-0.27
-0.169,0.745,-0.259
-0.158,0.74,-0.261
-0.157,0.739,-0.246
-0.156,0.733,-0.243
-0.157,0.727,-0.23
-0.157,0.727,-0.23
-0.146,0.717,-0.224
-0.141,0.708,-0.202
-0.135,0.692,-0.195
-0.123,0.674,-0.184
-0.115,0.66,-0.167
-0.108,0.644,-0.16
-0.108,0.644,-0.16
-0.095,0.623,-0.149
-0.078,0.599,-0.146
-0.066,0.573,-0.137
-0.056,0.546,-0.139
-0.045,0.528,-0.134
-0.042,0.515,-0.139
-0.042,0.515,-0.139
-0.035,0.5,-0.138
-0.033,0.491,-0.145
-0.035,0.492,-0.138
-0.04,0.49,-0.143
-0.042,0.492,-0.141
-0.041,0.488,-0.137
-0.041,0.488,-0.137
-0.041,0.487,-0.137
-0.035,0.485,-0.134
-0.04,0.484,-0.134
-0.045,0.485,-0.13
-0.051,0.483,-0.125
-0.064,0.477,-0.114
-0.064,0.477,-0.11
-0.071,0.47,-0.11
-0.082,0.453,-0.103
-0.091,0.445,-0.091
-0.103,0.431,-0.089
-0.111,0.421,-0.085
-0.126,0.414,-0.081
-0.135,0.407,-0.069
-0.135,0.407,-0.069
-0.142,0.4,-0.067
-0.146,0.396,-0.076
-0.148,0.392,-0.071
-0.148,0.392,-0.079
-0.141,0.389,-0.076
-0.138,0.386,-0.069
-0.138,0.386,-0.069
-0.14,0.384,-0.078
-0.136,0.378,-0.088
-0.144,0.368,-0.082
-0.149,0.363,-0.08
-0.15,0.361,-0.074
-0.163,0.357,-0.067
-0.163,0.357,-0.067
-0.171,0.354,-0.075
-0.184,0.349,-0.076
-0.196,0.345,-0.072
-0.211,0.345,-0.07
-0.227,0.336,-0.059
-0.242,0.335,-0.067
-0.242,0.335,-0.067
-0.257,0.333,-0.076
-0.276,0.332,-0.082
-0.296,0.328,-0.083
-0.318,0.331,-0.093
-0.345,0.332,-0.092
-0.359,0.33,-0.096
-0.359,0.33,-0.096
-0.373,0.334,-0.105
-0.388,0.337,-0.105
-0.395,0.336,-0.108
-0.401,0.337,-0.109
-0.409,0.337,-0.116
-0.423,0.341,-0.116
-0.423,0.341,-0.116
-0.431,0.352,-0.124
-0.432,0.349,-0.126
-0.444,0.355,-0.126
-0.445,0.364,-0.129
-0.443,0.374,-0.128
-0.445,0.377,-0.128
-0.445,0.377,-0.119
-0.446,0.38,-0.119
-0.439,0.384,-0.113
-0.432,0.389,-0.11
-0.421,0.395,-0.114
-0.416,0.397,-0.112
-0.406,0.398,-0.114
-0.406,0.406,-0.121
-0.395,0.406,-0.121
-0.389,0.408,-0.115
-0.386,0.41,-0.118
-0.386,0.417,-0.127
-0.388,0.416,-0.133
-0.385,0.423,-0.133
-0.392,0.429,-0.145
-0.392,0.429,-0.145
-0.396,0.431,-0.156
-0.402,0.44,-0.153
-0.416,0.449,-0.158
-0.43,0.461,-0.17
-0.444,0.472,-0.183
-0.459,0.49,-0.195
-0.459,0.49,-0.195
-0.476,0.507,-0.209
-0.483,0.523,-0.233
-0.496,0.548,-0.257
-0.501,0.571,-0.281
-0.499,0.587,-0.31
-0.496,0.608,-0.332
-0.496,0.608,-0.332
-0.487,0.63,-0.361
-0.473,0.648,-0.384
-0.454,0.661,-0.408
-0.438,0.674,-0.423
-0.415,0.679,-0.432
-0.393,0.692,-0.444
-0.393,0.692,-0.444
-0.376,0.7,-0.449
-0.356,0.707,-0.452
-0.332,0.704,-0.457
-0.318,0.713,-0.46
-0.298,0.713,-0.46
-0.282,0.715,-0.457
-0.282,0.715,-0.457
-0.264,0.72,-0.458
-0.249,0.713,-0.455
-0.233,0.713,-0.46
-0.216,0.71,-0.458
-0.195,0.708,-0.447
-0.181,0.708,-0.452
-0.181,0.708,-0.452
-0.167,0.707,-0.447
-0.149,0.704,-0.438
-0.135,0.702,-0.438
-0.116,0.703,-0.436
-0.103,0.696,-0.431
-0.084,0.697,-0.428
-0.084,0.697,-0.427
-0.065,0.695,-0.427
-0.055,0.693,-0.43
-0.04,0.688,-0.424
-0.026,0.685,-0.423
-0.009,0.678,-0.43
0.012,0.675,-0.433
0.012,0.669,-0.445
0.03,0.669,-0.445
0.058,0.662,-0.451
0.082,0.649,-0.469
0.105,0.638,-0.483
0.122,0.628,-0.513
0.139,0.623,-0.548
0.139,0.619,-0.583
0.139,0.619,-0.583
0.117,0.633,-0.62
0.083,0.648,-0.639
0.042,0.665,-0.642
-0.0,0.684,-0.64
-0.041,0.696,-0.628
-0.066,0.702,-0.606
-0.066,0.702,-0.606
-0.084,0.71,-0.591
-0.1,0.712,-0.57
-0.102,0.715,-0.557
-0.109,0.717,-0.533
-0.111,0.716,-0.516
-0.111,0.72,-0.505
-0.111,0.72,-0.505
-0.111,0.721,-0.493
-0.109,0.718,-0.485
-0.107,0.714,-0.474
-0.1,0.71,-0.476
-0.096,0.707,-0.467
-0.096,0.708,-0.473
-0.096,0.708,-0.473
-0.092,0.704,-0.472
-0.089,0.7,-0.47
-0.084,0.699,-0.47
-0.084,0.695,-0.47
-0.08,0.695,-0.464
-0.076,0.693,-0.468
-0.076,0.693,-0.468
-0.076,0.692,-0.472
-0.073,0.689,-0.473
-0.075,0.686,-0.479
-0.072,0.692,-0.488
-0.074,0.69,-0.488
-0.08,0.697,-0.493
-0.08,0.697,-0.493
-0.079,0.699,-0.503
-0.088,0.699,-0.504
-0.09,0.706,-0.515
-0.089,0.711,-0.524
-0.095,0.716,-0.523
-0.101,0.724,-0.529
-0.101,0.727,-0.52
-0.104,0.727,-0.52
-0.108,0.728,-0.526
-0.117,0.73,-0.522
-0.122,0.734,-0.527
-0.131,0.735,-0.525
-0.141,0.741,-0.517
-0.151,0.749,-0.508
-0.151,0.749,-0.508
-0.159,0.755,-0.501
-0.171,0.762,-0.493
-0.179,0.766,-0.484
-0.181,0.768,-0.48
-0.183,0.772,-0.471
-0.185,0.77,-0.468
-0.185,0.77,-0.468
-0.184,0.776,-0.458
-0.181,0.775,-0.449
-0.171,0.774,-0.447
-0.163,0.773,-0.438
-0.156,0.771,-0.428
-0.154,0.769,-0.424
-0.154,0.769,-0.424
-0.151,0.769,-0.41
-0.154,0.774,-0.403
-0.155,0.773,-0.394
-0.162,0.774,-0.389
-0.162,0.775,-0.381
-0.164,0.776,-0.37
-0.164,0.776,-0.37
-0.16,0.775,-0.367
-0.164,0.777,-0.358
-0.173,0.774,-0.344
-0.173,0.773,-0.332
-0.173,0.773,-0.319
-0.175,0.768,-0.316
-0.175,0.768,-0.316
-0.175,0.764,-0.306
-0.177,0.761,-0.295
-0.175,0.755,-0.291
-0.169,0.748,-0.271
-0.172,0.749,-0.269
-0.17,0.745,-0.263
-0.17,0.745,-0.263
-0.171,0.741,-0.25
-0.168,0.738,-0.244
-0.17,0.73,-0.229
-0.166,0.725,-0.224
-0.164,0.714,-0.211
-0.157,0.712,-0.21
-0.157,0.712,-0.202
-0.155,0.702,-0.202
-0.152,0.691,-0.19
-0.149,0.685,-0.187
-0.143,0.678,-0.181
-0.146,0.675,-0.177
-0.139,0.663,-0.175
-0.139,0.657,-0.163
-0.136,0.657,-0.163
-0.135,0.654,-0.157
-0.136,0.647,-0.153
-0.143,0.641,-0.153
-0.144,0.637,-0.139
-0.149,0.631,-0.133
-0.152,0.629,-0.127
-0.152,0.629,-0.127
-0.155,0.621,-0.121
-0.162,0.614,-0.113
-0.17,0.608,-0.104
-0.175,0.596,-0.101
-0.178,0.59,-0.093
-0.184,0.575,-0.085
-0.184,0.575,-0.085
-0.19,0.562,-0.073
-0.196,0.553,-0.071
-0.199,0.541,-0.061
-0.206,0.529,-0.056
-0.212,0.517,-0.052
-0.214,0.508,-0.05
-0.214,0.508,-0.05
-0.223,0.499,-0.048
-0.233,0.495,-0.041
-0.233,0.488,-0.041
-0.244,0.487,-0.043
-0.246,0.484,-0.038
-0.251,0.484,-0.049
-0.251,0.484,-0.049
-0.257,0.483,-0.05
-0.256,0.481,-0.044
-0.264,0.481,-0.044
-0.266,0.478,-0.056
-0.269,0.475,-0.051
-0.274,0.474,-0.056
-0.274,0.474,-0.056
-0.275,0.471,-0.054
-0.276,0.469,-0.054
-0.289,0.462,-0.056
-0.3,0.466,-0.054
-0.305,0.459,-0.058
-0.31,0.457,-0.062
-0.31,0.457,-0.062
-0.316,0.452,-0.067
-0.315,0.444,-0.072
-0.322,0.437,-0.079
-0.324,0.428,-0.077
-0.322,0.428,-0.079
-0.32,0.423,-0.085
-0.32,0.423,-0.094
-0.319,0.42,-0.094
-0.312,0.417,-0.091
-0.317,0.413,-0.099
-0.317,0.405,-0.091
-0.321,0.395,-0.088
-0.327,0.385,-0.088
-0.327,0.377,-0.086
-0.334,0.377,-0.086
-0.339,0.368,-0.084
-0.352,0.359,-0.094
-0.364,0.348,-0.1
-0.382,0.343,-0.107
-0.397,0.336,-0.118
-0.414,0.327,-0.132
-0.414,0.327,-0.132
-0.427,0.32,-0.137
-0.442,0.316,-0.153
-0.45,0.315,-0.164
-0.464,0.305,-0.179
-0.47,0.305,-0.191
-0.476,0.304,-0.211
-0.476,0.304,-0.211
-0.482,0.304,-0.223
-0.496,0.302,-0.226
-0.5,0.308,-0.245
-0.507,0.309,-0.26
-0.516,0.311,-0.269
-0.52,0.311,-0.275
-0.52,0.311,-0.275
-0.526,0.315,-0.282
-0.527,0.316,-0.302
-0.533,0.319,-0.303
-0.531,0.324,-0.306
-0.531,0.326,-0.313
-0.537,0.33,-0.31
-0.537,0.33,-0.31
-0.534,0.33,-0.315
-0.532,0.332,-0.319
-0.534,0.338,-0.327
-0.533,0.342,-0.321
-0.534,0.354,-0.336
-0.533,0.354,-0.335
-0.533,0.354,-0.335
-0.533,0.36,-0.348
-0.536,0.364,-0.349
-0.537,0.37,-0.351
-0.539,0.38,-0.355
-0.538,0.385,-0.36
-0.539,0.392,-0.359
-0.539,0.392,-0.359
-0.54,0.401,-0.368
-0.541,0.406,-0.375
-0.54,0.419,-0.376
-0.541,0.427,-0.375
-0.541,0.429,-0.383
-0.543,0.435,-0.381
-0.543,0.435,-0.379
-0.54,0.44,-0.379
-0.54,0.443,-0.383
-0.54,0.445,-0.39
-0.537,0.452,-0.397
-0.538,0.454,-0.389
-0.537,0.453,-0.399
-0.537,0.459,-0.4
-0.535,0.459,-0.4
-0.533,0.461,-0.403
-0.534,0.466,-0.416
-0.531,0.469,-0.419
-0.528,0.482,-0.414
-0.525,0.483,-0.429
-0.524,0.491,-0.437
-0.524,0.491,-0.437
-0.52,0.501,-0.44
-0.52,0.513,-0.438
-0.517,0.523,-0.447
-0.514,0.531,-0.447
-0.512,0.54,-0.451
-0.507,0.556,-0.454
-0.507,0.556,-0.454
-0.501,0.563,-0.459
-0.495,0.579,-0.461
-0.487,0.592,-0.468
-0.482,0.599,-0.466
-0.477,0.61,-0.468
-0.467,0.624,-0.473
-0.467,0.624,-0.473
-0.452,0.634,-0.474
-0.441,0.643,-0.479
-0.421,0.654,-0.48
-0.406,0.664,-0.48
-0.389,0.676,-0.483
-0.369,0.679,-0.49
-0.369,0.679,-0.49
-0.35,0.683,-0.488
-0.334,0.693,-0.483
-0.317,0.693,-0.479
-0.302,0.702,-0.473
-0.291,0.706,-0.465
-0.277,0.707,-0.46
-0.277,0.707,-0.46
-0.266,0.71,-0.456
-0.249,0.712,-0.452
-0.239,0.715,-0.442
-0.229,0.72,-0.437
-0.216,0.722,-0.437
-0.199,0.724,-0.429
-0.199,0.724,-0.429
-0.181,0.726,-0.421
-0.165,0.732,-0.417
-0.147,0.733,-0.417
-0.123,0.732,-0.406
-0.103,0.74,-0.404
-0.076,0.738,-0.398
-0.076,0.738,-0.398
-0.052,0.736,-0.399
-0.015,0.741,-0.401
0.018,0.74,-0.403
0.051,0.739,-0.406
0.072,0.742,-0.43
0.099,0.752,-0.435
0.099,0.752,-0.454
0.111,0.758,-0.454
0.121,0.778,-0.472
0.119,0.797,-0.509
0.105,0.814,-0.531
0.083,0.828,-0.556
0.055,0.841,-0.563
0.055,0.844,-0.568
0.018,0.844,-0.568
-0.021,0.845,-0.558
-0.059,0.833,-0.541
-0.082,0.815,-0.508
-0.09,0.788,-0.476
-0.094,0.767,-0.452
-0.089,0.747,-0.437
-0.089,0.747,-0.437
-0.081,0.733,-0.419
-0.061,0.716,-0.404
-0.058,0.704,-0.393
-0.044,0.685,-0.39
-0.036,0.678,-0.383
-0.028,0.674,-0.38
-0.028,0.674,-0.38
-0.018,0.665,-0.384
-0.014,0.662,-0.384
-0.004,0.656,-0.377
0.004,0.648,-0.377
0.015,0.639,-0.371
0.021,0.632,-0.374
0.021,0.632,-0.374
0.029,0.626,-0.372
0.038,0.621,-0.373
0.046,0.618,-0.375
0.054,0.617,-0.382
0.066,0.613,-0.383
0.071,0.61,-0.393
0.071,0.61,-0.393
0.077,0.609,-0.4
0.084,0.611,-0.403
0.088,0.618,-0.403
0.093,0.619,-0.414
0.093,0.623,-0.414
0.088,0.629,-0.414
0.088,0.629,-0.414
0.092,0.631,-0.411
0.084,0.632,-0.414
0.078,0.635,-0.411
0.079,0.634,-0.399
0.077,0.64,-0.395
0.073,0.641,-0.404
0.073,0.641,-0.404
0.069,0.647,-0.399
0.063,0.648,-0.396
0.062,0.655,-0.407
0.058,0.658,-0.409
0.057,0.659,-0.406
0.052,0.658,-0.407
0.052,0.658,-0.417
0.049,0.662,-0.417
0.041,0.663,-0.415
0.034,0.667,-0.415
0.029,0.676,-0.42
0.019,0.679,-0.425
0.009,0.691,-0.428
0.009,0.696,-0.426
-0.001,0.696,-0.426
-0.015,0.704,-0.435
-0.032,0.716,-0.431
-0.042,0.729,-0.429
-0.059,0.738,-0.426
-0.073,0.751,-0.416
-0.091,0.756,-0.41
-0.091,0.756,-0.41
-0.107,0.765,-0.4
-0.12,0.771,-0.394
-0.131,0.776,-0.383
-0.146,0.779,-0.373
-0.149,0.776,-0.365
-0.158,0.783,-0.36
-0.158,0.783,-0.36
-0.163,0.784,-0.355
-0.169,0.785,-0.344
-0.174,0.786,-0.337
-0.179,0.784,-0.335
-0.181,0.78,-0.326
-0.186,0.78,-0.321
-0.186,0.78,-0.321
-0.186,0.779,-0.316
-0.19,0.781,-0.309
-0.189,0.78,-0.303
-0.191,0.776,-0.293
-0.192,0.771,-0.287
-0.192,0.77,-0.28
-0.192,0.77,-0.28
-0.194,0.767,-0.276
-0.193,0.768,-0.269
-0.19,0.761,-0.27
-0.186,0.756,-0.256
-0.186,0.752,-0.249
-0.179,0.747,-0.247
-0.179,0.747,-0.247
-0.179,0.74,-0.24
-0.172,0.74,-0.232
-0.167,0.731,-0.224
-0.16,0.727,-0.215
-0.151,0.721,-0.212
-0.148,0.713,-0.204
-0.148,0.713,-0.204
-0.14,0.705,-0.204
-0.128,0.697,-0.206
-0.12,0.689,-0.195
-0.107,0.681,-0.184
-0.102,0.674,-0.187
-0.081,0.668,-0.194
-0.081,0.668,-0.192
-0.068,0.655,-0.192
-0.057,0.646,-0.193
-0.047,0.638,-0.203
-0.037,0.634,-0.208
-0.032,0.63,-0.212
-0.02,0.625,-0.219
-0.02,0.623,-0.232
-0.013,0.623,-0.232
-0.009,0.625,-0.235
-0.004,0.621,-0.243
0.0,0.623,-0.24
0.0,0.618,-0.244
0.001,0.608,-0.242
0.007,0.605,-0.246
0.007,0.605,-0.246
0.006,0.606,-0.253
0.007,0.6,-0.244
0.013,0.6,-0.254
0.013,0.594,-0.256
0.016,0.593,-0.256
0.015,0.589,-0.256
0.015,0.589,-0.256
0.017,0.586,-0.256
0.016,0.581,-0.253
0.022,0.58,-0.252
0.019,0.573,-0.252
0.028,0.566,-0.257
0.027,0.561,-0.249
0.027,0.561,-0.249
0.028,0.551,-0.255
0.029,0.545,-0.252
0.034,0.541,-0.251
0.032,0.526,-0.252
0.033,0.521,-0.245
0.031,0.515,-0.248
0.031,0.515,-0.248
0.035,0.509,-0.251
0.037,0.507,-0.249
0.04,0.497,-0.251
0.044,0.49,-0.245
0.036,0.481,-0.238
0.036,0.47,-0.237
0.036,0.47,-0.237
0.032,0.457,-0.225
0.027,0.445,-0.212
0.02,0.432,-0.204
0.009,0.423,-0.187
-0.002,0.405,-0.171
-0.019,0.392,-0.156
-0.019,0.392,-0.156
-0.039,0.379,-0.142
-0.057,0.372,-0.13
-0.071,0.37,-0.117
-0.095,0.362,-0.111
-0.111,0.354,-0.1
-0.125,0.351,-0.101
-0.125,0.343,-0.094
-0.132,0.343,-0.094
-0.149,0.339,-0.098
-0.159,0.334,-0.092
-0.171,0.328,-0.089
-0.178,0.327,-0.096
-0.185,0.322,-0.092
-0.194,0.319,-0.085
-0.194,0.319,-0.085
-0.206,0.32,-0.092
-0.214,0.314,-0.087
-0.217,0.311,-0.082
-0.222,0.307,-0.084
-0.234,0.303,-0.083
-0.241,0.303,-0.08
-0.241,0.303,-0.08
-0.249,0.3,-0.091
-0.257,0.297,-0.086
-0.27,0.295,-0.087
-0.283,0.298,-0.092
-0.295,0.295,-0.092
-0.309,0.297,-0.093
-0.309,0.297,-0.093
-0.321,0.299,-0.093
-0.341,0.304,-0.09
-0.354,0.308,-0.102
-0.367,0.313,-0.103
-0.38,0.319,-0.101
-0.392,0.327,-0.11
-0.392,0.327,-0.11
-0.407,0.338,-0.107
-0.415,0.346,-0.112
-0.413,0.348,-0.115
-0.421,0.355,-0.123
-0.42,0.354,-0.123
-0.429,0.361,-0.121
-0.429,0.361,-0.121
-0.426,0.364,-0.126
-0.422,0.369,-0.13
-0.424,0.376,-0.131
-0.423,0.381,-0.136
-0.424,0.393,-0.136
-0.426,0.398,-0.143
-0.426,0.398,-0.143
-0.425,0.408,-0.155
-0.431,0.413,-0.151
-0.431,0.419,-0.159
-0.431,0.423,-0.172
-0.437,0.429,-0.177
-0.439,0.434,-0.182
-0.439,0.434,-0.19
-0.446,0.432,-0.19
-0.451,0.435,-0.198
-0.458,0.437,-0.205
-0.463,0.442,-0.203
-0.475,0.45,-0.22
-0.49,0.451,-0.24
-0.5,0.451,-0.253
-0.5,0.451,-0.253
-0.512,0.451,-0.279
-0.521,0.456,-0.306
-0.528,0.472,-0.342
-0.535,0.495,-0.364
-0.535,0.515,-0.393
-0.522,0.536,-0.419
-0.522,0.536,-0.419
-0.514,0.553,-0.443
-0.503,0.574,-0.456
-0.487,0.59,-0.458
-0.477,0.608,-0.47
-0.464,0.625,-0.476
-0.45,0.637,-0.477
-0.45,0.637,-0.477
-0.431,0.656,-0.484
-0.413,0.669,-0.479
-0.394,0.671,-0.477
-0.375,0.685,-0.47
-0.359,0.689,-0.477
-0.341,0.691,-0.481
-0.341,0.691,-0.481
-0.328,0.69,-0.478
-0.32,0.696,-0.471
-0.302,0.695,-0.476
-0.293,0.702,-0.468
-0.284,0.702,-0.468
-0.276,0.705,-0.466
-0.276,0.705,-0.466
-0.27,0.708,-0.458
-0.262,0.705,-0.455
-0.249,0.707,-0.449
-0.24,0.711,-0.45
-0.235,0.718,-0.442
-0.226,0.721,-0.45
-0.226,0.721,-0.45
-0.219,0.721,-0.443
-0.211,0.724,-0.441
-0.203,0.727,-0.445
-0.197,0.733,-0.448
-0.198,0.734,-0.442
-0.189,0.736,-0.441
-0.189,0.736,-0.441
-0.18,0.742,-0.439
-0.175,0.744,-0.437
-0.168,0.753,-0.436
-0.163,0.748,-0.431
-0.152,0.752,-0.442
-0.147,0.756,-0.445
-0.147,0.75,-0.442
-0.14,0.75,-0.442
-0.136,0.757,-0.444
-0.131,0.759,-0.437
-0.128,0.758,-0.435
-0.128,0.763,-0.438
-0.128,0.764,-0.436
-0.129,0.763,-0.437
-0.129,0.763,-0.437
-0.134,0.763,-0.439
-0.139,0.763,-0.438
-0.143,0.767,-0.437
-0.15,0.769,-0.44
-0.159,0.765,-0.437
-0.166,0.765,-0.434
-0.166,0.765,-0.434
-0.171,0.773,-0.437
-0.175,0.775,-0.433
-0.177,0.772,-0.435
-0.177,0.772,-0.436
-0.179,0.771,-0.435
-0.18,0.771,-0.435
-0.18,0.771,-0.435
-0.178,0.771,-0.438
-0.178,0.766,-0.433
-0.181,0.766,-0.436
-0.181,0.765,-0.441
-0.173,0.759,-0.451
-0.171,0.755,-0.451
-0.171,0.755,-0.451
-0.171,0.752,-0.46
-0.171,0.751,-0.469
-0.173,0.748,-0.468
-0.171,0.749,-0.473
-0.171,0.747,-0.478
-0.174,0.75,-0.479
-0.174,0.75,-0.479
-0.174,0.749,-0.475
-0.179,0.749,-0.487
-0.184,0.752,-0.488
-0.189,0.755,-0.491
-0.192,0.754,-0.494
-0.203,0.757,-0.496
-0.203,0.757,-0.496
-0.208,0.761,-0.502
-0.225,0.762,-0.496
-0.238,0.766,-0.487
-0.252,0.768,-0.485
-0.26,0.771,-0.476
-0.265,0.77,-0.475
-0.265,0.77,-0.475
-0.267,0.779,-0.467
-0.269,0.78,-0.463
-0.27,0.783,-0.455
-0.268,0.783,-0.446
-0.263,0.789,-0.445
-0.263,0.787,-0.441
-0.263,0.783,-0.431
-0.254,0.783,-0.431
-0.247,0.787,-0.422
-0.246,0.788,-0.416
-0.247,0.787,-0.415
-0.249,0.791,-0.405
-0.245,0.794,-0.399
-0.243,0.792,-0.396
-0.243,0.792,-0.396
-0.238,0.795,-0.382
-0.233,0.793,-0.371
-0.229,0.788,-0.367
-0.224,0.791,-0.351
-0.219,0.788,-0.341
-0.216,0.784,-0.327
-0.216,0.784,-0.327
-0.214,0.783,-0.308
-0.202,0.777,-0.3
-0.193,0.776,-0.289
-0.194,0.769,-0.278
-0.185,0.766,-0.282
-0.178,0.765,-0.275
-0.178,0.765,-0.275
-0.169,0.757,-0.269
-0.168,0.751,-0.259
-0.159,0.749,-0.255
-0.154,0.738,-0.248
-0.154,0.729,-0.237
-0.144,0.725,-0.232
-0.144,0.725,-0.232
-0.143,0.718,-0.226
-0.131,0.715,-0.223
-0.123,0.709,-0.221
-0.112,0.702,-0.223
-0.109,0.694,-0.218
-0.1,0.693,-0.218
-0.1,0.693,-0.218
-0.09,0.682,-0.221
-0.081,0.681,-0.222
-0.073,0.675,-0.226
-0.069,0.672,-0.233
-0.06,0.667,-0.233
-0.055,0.666,-0.237
-0.055,0.666,-0.237
-0.052,0.665,-0.236
-0.052,0.663,-0.237
-0.05,0.663,-0.24
-0.049,0.655,-0.233
-0.052,0.656,-0.232
-0.043,0.652,-0.227
-0.043,0.652,-0.227
-0.048,0.646,-0.228
-0.041,0.637,-0.212
-0.038,0.635,-0.217
-0.033,0.627,-0.221
-0.033,0.618,-0.215
-0.033,0.607,-0.215
-0.033,0.607,-0.211
-0.034,0.604,-0.211
-0.028,0.594,-0.206
-0.028,0.59,-0.208
-0.028,0.585,-0.209
-0.029,0.577,-0.202
-0.027,0.572,-0.194
-0.027,0.569,-0.191
-0.03,0.569,-0.191
-0.033,0.554,-0.187
-0.036,0.551,-0.187
-0.034,0.544,-0.176
-0.036,0.54,-0.174
-0.046,0.53,-0.173
-0.048,0.521,-0.172
-0.048,0.521,-0.172
-0.046,0.514,-0.173
-0.042,0.507,-0.171
-0.039,0.498,-0.168
-0.039,0.484,-0.167
-0.025,0.477,-0.17
-0.023,0.46,-0.163
-0.023,0.46,-0.163
-0.019,0.448,-0.155
-0.023,0.435,-0.151
-0.026,0.425,-0.142
-0.034,0.42,-0.134
-0.04,0.411,-0.131
-0.05,0.404,-0.123
-0.05,0.404,-0.123
-0.06,0.395,-0.118
-0.073,0.378,-0.105
-0.098,0.356,-0.097
-0.132,0.334,-0.086
-0.18,0.312,-0.09
-0.238,0.297,-0.089
-0.238,0.297,-0.089
-0.293,0.29,-0.108
-0.346,0.294,-0.126
-0.382,0.303,-0.151
-0.41,0.319,-0.164
-0.428,0.336,-0.178
-0.439,0.348,-0.188
-0.439,0.348,-0.188
-0.449,0.355,-0.196
-0.458,0.36,-0.205
-0.47,0.374,-0.21
-0.48,0.377,-0.229
-0.487,0.385,-0.233
-0.498,0.391,-0.253
-0.498,0.391,-0.253
-0.501,0.397,-0.257
-0.508,0.402,-0.262
-0.508,0.403,-0.277
-0.511,0.417,-0.29
-0.51,0.427,-0.306
-0.509,0.434,-0.31
-0.509,0.434,-0.307
-0.508,0.442,-0.307
-0.508,0.45,-0.314
-0.505,0.454,-0.317
-0.498,0.459,-0.319
-0.498,0.459,-0.323
-0.494,0.464,-0.322
-0.494,0.466,-0.317
-0.488,0.466,-0.317
-0.483,0.465,-0.316
-0.48,0.472,-0.314
-0.475,0.474,-0.307
-0.474,0.479,-0.304
-0.475,0.483,-0.3
-0.479,0.486,-0.296
-0.479,0.486,-0.296
-0.486,0.494,-0.298
-0.49,0.497,-0.311
-0.494,0.507,-0.328
-0.501,0.521,-0.349
-0.501,0.539,-0.373
-0.5,0.557,-0.381
-0.5,0.557,-0.381
-0.494,0.571,-0.404
-0.481,0.587,-0.426
-0.473,0.607,-0.434
-0.459,0.621,-0.438
-0.445,0.633,-0.445
-0.426,0.648,-0.443
-0.426,0.648,-0.443
-0.411,0.661,-0.451
-0.397,0.671,-0.445
-0.377,0.673,-0.453
-0.361,0.681,-0.455
-0.338,0.685,-0.447
-0.324,0.688,-0.451
-0.324,0.688,-0.451
-0.311,0.691,-0.456
-0.292,0.695,-0.456
-0.281,0.696,-0.46
-0.265,0.694,-0.456
-0.253,0.695,-0.456
-0.238,0.697,-0.453
-0.238,0.697,-0.453
-0.229,0.699,-0.456
-0.218,0.698,-0.449
-0.212,0.698,-0.448
-0.205,0.697,-0.446
-0.194,0.701,-0.444
-0.189,0.696,-0.44
-0.189,0.696,-0.44
-0.186,0.7,-0.438
-0.18,0.702,-0.434
-0.175,0.703,-0.433
-0.167,0.7,-0.434
-0.162,0.705,-0.434
-0.15,0.701,-0.427
-0.15,0.701,-0.431
-0.139,0.708,-0.431
-0.133,0.707,-0.425
-0.123,0.706,-0.423
-0.11,0.707,-0.42
-0.096,0.714,-0.419
-0.075,0.715,-0.414
-0.075,0.712,-0.415
-0.058,0.712,-0.415
-0.044,0.717,-0.421
-0.027,0.713,-0.424
-0.015,0.709,-0.422
0.012,0.709,-0.426
0.022,0.707,-0.435
0.045,0.704,-0.453
0.045,0.704,-0.453
0.06,0.704,-0.459
0.072,0.704,-0.482
0.074,0.702,-0.499
0.068,0.704,-0.515
0.065,0.702,-0.528
0.046,0.698,-0.536
0.046,0.698,-0.536
0.027,0.698,-0.532
0.01,0.694,-0.531
-0.005,0.693,-0.521
-0.022,0.687,-0.521
-0.029,0.685,-0.511
-0.038,0.682,-0.508
-0.038,0.682,-0.508
-0.046,0.679,-0.497
-0.051,0.679,-0.501
-0.054,0.674,-0.492
-0.055,0.675,-0.49
-0.057,0.67,-0.49
-0.065,0.67,-0.49
-0.065,0.67,-0.49
-0.065,0.669,-0.494
-0.066,0.677,-0.489
-0.079,0.684,-0.491
-0.09,0.69,-0.497
-0.106,0.698,-0.498
-0.123,0.704,-0.499
-0.123,0.704,-0.499
-0.147,0.711,-0.512
-0.164,0.722,-0.51
-0.187,0.723,-0.522
-0.201,0.726,-0.517
-0.212,0.736,-0.512
-0.223,0.739,-0.502
-0.223,0.739,-0.502
-0.239,0.743,-0.504
-0.251,0.749,-0.501
-0.271,0.752,-0.495
-0.293,0.754,-0.492
-0.31,0.753,-0.485
-0.323,0.758,-0.473
-0.323,0.758,-0.459
-0.341,0.761,-0.459
-0.355,0.766,-0.44
-0.368,0.763,-0.419
-0.378,0.762,-0.411
-0.383,0.759,-0.397
-0.392,0.759,-0.389
-0.396,0.758,-0.378
-0.396,0.758,-0.378
-0.397,0.758,-0.363
-0.399,0.76,-0.354
-0.393,0.762,-0.331
-0.395,0.759,-0.313
-0.394,0.751,-0.291
-0.393,0.75,-0.271
-0.393,0.75,-0.271
-0.397,0.745,-0.264
-0.403,0.731,-0.246
-0.402,0.723,-0.227
-0.4,0.719,-0.211
-0.39,0.711,-0.2
-0.379,0.715,-0.189
-0.379,0.715,-0.189
-0.366,0.715,-0.184
-0.354,0.712,-0.185
-0.35,0.709,-0.183
-0.338,0.715,-0.176
-0.333,0.712,-0.175
-0.325,0.712,-0.171
-0.325,0.712,-0.171
-0.313,0.711,-0.169
-0.298,0.711,-0.167
-0.282,0.715,-0.171
-0.269,0.714,-0.17
-0.257,0.712,-0.175
-0.242,0.712,-0.172
-0.242,0.712,-0.172
-0.227,0.712,-0.171
-0.218,0.713,-0.172
-0.201,0.709,-0.175
-0.187,0.702,-0.175
-0.176,0.698,-0.174
-0.166,0.698,-0.183
-0.166,0.698,-0.183
-0.153,0.695,-0.185
-0.143,0.69,-0.183
-0.129,0.687,-0.188
-0.121,0.684,-0.192
-0.11,0.678,-0.197
-0.101,0.673,-0.197
-0.101,0.673,-0.196
-0.092,0.67,-0.196
-0.081,0.659,-0.197
-0.071,0.644,-0.192
-0.062,0.635,-0.196
-0.055,0.619,-0.184
-0.047,0.602,-0.182
-0.047,0.585,-0.181
-0.04,0.585,-0.181
-0.028,0.573,-0.178
-0.027,0.565,-0.176
-0.02,0.562,-0.179
-0.022,0.551,-0.181
-0.02,0.554,-0.186
-0.017,0.548,-0.187
-0.017,0.548,-0.187
-0.016,0.546,-0.186
-0.011,0.544,-0.189
-0.006,0.54,-0.191
-0.012,0.527,-0.187
-0.009,0.525,-0.191
-0.005,0.516,-0.19
-0.005,0.516,-0.19
0.0,0.507,-0.188
0.002,0.5,-0.188
0.007,0.492,-0.187
0.0,0.48,-0.184
-0.005,0.47,-0.174
-0.002,0.457,-0.169
-0.002,0.457,-0.169
-0.011,0.443,-0.167
-0.015,0.426,-0.158
-0.028,0.412,-0.15
-0.037,0.398,-0.142
-0.047,0.388,-0.13
-0.065,0.375,-0.127
-0.065,0.375,-0.127
-0.097,0.361,-0.106
-0.135,0.356,-0.1
-0.169,0.346,-0.095
-0.204,0.335,-0.088
-0.233,0.324,-0.09
-0.262,0.316,-0.103
-0.262,0.316,-0.103
-0.28,0.314,-0.107
-0.29,0.31,-0.109
-0.293,0.307,-0.109
-0.306,0.309,-0.11
-0.315,0.311,-0.114
-0.327,0.316,-0.119
-0.327,0.316,-0.119
-0.339,0.315,-0.118
-0.356,0.32,-0.123
-0.369,0.33,-0.129
-0.38,0.343,-0.132
-0.398,0.359,-0.135
-0.413,0.374,-0.146
-0.413,0.374,-0.153
-0.423,0.386,-0.153
-0.43,0.402,-0.158
-0.44,0.41,-0.165
-0.444,0.422,-0.173
-0.444,0.432,-0.184
-0.449,0.437,-0.181
-0.449,0.437,-0.182
-0.454,0.437,-0.182
-0.461,0.449,-0.185
-0.464,0.448,-0.199
-0.465,0.448,-0.201
-0.47,0.452,-0.211
-0.469,0.453,-0.215
-0.466,0.452,-0.216
-0.466,0.452,-0.216
-0.468,0.448,-0.214
-0.46,0.448,-0.208
-0.451,0.45,-0.203
-0.451,0.452,-0.213
-0.445,0.452,-0.211
-0.449,0.451,-0.216
-0.449,0.451,-0.216
-0.454,0.449,-0.217
-0.459,0.455,-0.221
-0.456,0.455,-0.23
-0.463,0.455,-0.236
-0.473,0.46,-0.248
-0.477,0.463,-0.259
-0.477,0.463,-0.259
-0.484,0.467,-0.273
-0.496,0.473,-0.286
-0.505,0.481,-0.311
-0.509,0.495,-0.325
-0.516,0.509,-0.342
-0.515,0.524,-0.359
-0.515,0.524,-0.359
-0.518,0.539,-0.365
-0.517,0.549,-0.371
-0.513,0.562,-0.375
-0.51,0.576,-0.377
-0.507,0.593,-0.377
-0.501,0.602,-0.389
-0.501,0.602,-0.389
-0.494,0.615,-0.396
-0.483,0.636,-0.402
-0.473,0.647,-0.409
-0.459,0.661,-0.412
-0.446,0.672,-0.419
-0.432,0.684,-0.418
-0.432,0.684,-0.418
-0.414,0.694,-0.413
-0.398,0.703,-0.42
-0.387,0.709,-0.419
-0.367,0.718,-0.43
-0.355,0.722,-0.418
-0.335,0.733,-0.423
-0.335,0.733,-0.421
-0.327,0.73,-0.421
-0.308,0.73,-0.422
-0.293,0.732,-0.421
-0.274,0.733,-0.416
-0.263,0.729,-0.417
-0.254,0.729,-0.42
-0.254,0.731,-0.418
-0.24,0.731,-0.418
-0.223,0.734,-0.416
-0.206,0.724,-0.42
-0.2,0.723,-0.41
-0.183,0.723,-0.424
-0.172,0.718,-0.422
-0.166,0.722,-0.421
-0.166,0.722,-0.421
-0.162,0.721,-0.424
-0.153,0.716,-0.427
-0.148,0.716,-0.429
-0.138,0.716,-0.428
-0.132,0.721,-0.425
-0.121,0.72,-0.418
-0.121,0.72,-0.418
-0.111,0.718,-0.422
-0.111,0.718,-0.422
-0.1,0.721,-0.43
-0.093,0.718,-0.428
-0.077,0.715,-0.435
-0.066,0.712,-0.439
-0.066,0.712,-0.439
-0.048,0.708,-0.446
-0.033,0.704,-0.457
-0.024,0.696,-0.467
-0.008,0.691,-0.466
0.003,0.681,-0.48
0.013,0.681,-0.49
0.013,0.681,-0.49
0.022,0.674,-0.503
0.016,0.665,-0.518
0.006,0.669,-0.517
-0.008,0.662,-0.508
-0.021,0.665,-0.496
-0.031,0.662,-0.475
-0.031,0.662,-0.475
-0.029,0.657,-0.458
-0.027,0.652,-0.434
-0.016,0.64,-0.427
-0.01,0.637,-0.41
-0.003,0.629,-0.396
0.004,0.621,-0.395
0.004,0.621,-0.395
0.006,0.618,-0.387
0.005,0.611,-0.39
0.006,0.604,-0.389
0.013,0.601,-0.382
0.013,0.596,-0.385
0.009,0.585,-0.381
0.009,0.585,-0.38
0.013,0.572,-0.38
0.019,0.561,-0.386
0.025,0.553,-0.396
0.036,0.55,-0.402
0.042,0.545,-0.417
0.049,0.544,-0.44
0.049,0.55,-0.458
0.054,0.55,-0.458
0.051,0.561,-0.47
0.043,0.571,-0.492
0.036,0.582,-0.498
0.033,0.584,-0.507
0.034,0.588,-0.519
0.025,0.59,-0.526
0.025,0.59,-0.526
0.018,0.593,-0.524
0.013,0.598,-0.535
0.008,0.603,-0.539
-0.0,0.613,-0.54
-0.01,0.629,-0.54
-0.022,0.634,-0.543
-0.022,0.634,-0.543
-0.032,0.648,-0.541
-0.038,0.659,-0.537
-0.046,0.672,-0.536
-0.053,0.678,-0.532
-0.064,0.687,-0.535
-0.068,0.697,-0.526
-0.068,0.697,-0.526
-0.073,0.702,-0.525
-0.084,0.711,-0.522
-0.088,0.719,-0.517
-0.102,0.726,-0.512
-0.102,0.731,-0.512
-0.111,0.736,-0.506
-0.111,0.736,-0.506
-0.123,0.742,-0.497
-0.124,0.747,-0.493
-0.133,0.747,-0.487
-0.139,0.749,-0.481
-0.147,0.758,-0.477
-0.151,0.759,-0.475
-0.151,0.759,-0.475
-0.15,0.76,-0.469
-0.157,0.759,-0.466
-0.151,0.766,-0.47
-0.152,0.76,-0.456
-0.149,0.765,-0.451
-0.155,0.766,-0.445
-0.155,0.766,-0.445
-0.153,0.772,-0.433
-0.158,0.768,-0.421
-0.16,0.772,-0.417
-0.156,0.772,-0.412
-0.149,0.767,-0.403
-0.147,0.766,-0.397
-0.147,0.766,-0.397
-0.142,0.768,-0.389
-0.139,0.761,-0.383
-0.137,0.763,-0.385
-0.132,0.761,-0.377
-0.124,0.756,-0.369
-0.117,0.753,-0.368
-0.117,0.754,-0.358
-0.11,0.754,-0.358
-0.102,0.747,-0.354
-0.095,0.737,-0.349
-0.084,0.738,-0.35
-0.078,0.73,-0.347
-0.073,0.727,-0.347
-0.06,0.717,-0.344
-0.06,0.717,-0.344
-0.045,0.709,-0.339
-0.038,0.703,-0.343
-0.027,0.691,-0.342
-0.019,0.686,-0.346
-0.009,0.674,-0.342
-0.002,0.669,-0.35
-0.002,0.669,-0.35
0.006,0.656,-0.348
0.017,0.649,-0.354
0.02,0.638,-0.358
0.028,0.627,-0.354
0.033,0.619,-0.363
0.038,0.605,-0.361
0.038,0.605,-0.361
0.046,0.597,-0.36
0.047,0.591,-0.367
0.051,0.583,-0.365
0.051,0.575,-0.373
0.055,0.574,-0.367
0.056,0.562,-0.367
0.056,0.562,-0.367
0.055,0.559,-0.369
0.059,0.553,-0.359
0.062,0.541,-0.361
0.064,0.536,-0.365
0.066,0.526,-0.362
0.064,0.52,-0.359
0.064,0.52,-0.359
0.063,0.517,-0.36
0.066,0.508,-0.355
0.067,0.495,-0.348
0.07,0.485,-0.351
0.068,0.473,-0.338
0.066,0.46,-0.331
0.066,0.46,-0.331
0.067,0.452,-0.317
0.064,0.438,-0.298
0.066,0.43,-0.292
0.059,0.424,-0.281
0.058,0.415,-0.278
0.055,0.418,-0.277
0.055,0.418,-0.277
0.057,0.423,-0.277
0.056,0.422,-0.274
0.051,0.427,-0.274
0.05,0.417,-0.272
0.049,0.415,-0.268
0.048,0.411,-0.264
0.048,0.411,-0.255
0.044,0.406,-0.255
0.04,0.405,-0.247
0.037,0.4,-0.237
0.034,0.396,-0.229
0.026,0.395,-0.225
0.026,0.389,-0.214
0.014,0.387,-0.2
0.014,0.387,-0.2
0.006,0.38,-0.181
-0.006,0.379,-0.17
-0.024,0.378,-0.158
-0.039,0.373,-0.152
-0.057,0.364,-0.137
-0.075,0.357,-0.126
-0.075,0.357,-0.126
-0.09,0.355,-0.109
-0.106,0.348,-0.102
-0.121,0.344,-0.097
-0.137,0.334,-0.088
-0.15,0.332,-0.095
-0.166,0.328,-0.091
-0.166,0.328,-0.091
-0.184,0.327,-0.089
-0.203,0.322,-0.09
-0.229,0.314,-0.089
-0.257,0.313,-0.093
-0.289,0.312,-0.089
-0.32,0.306,-0.1
-0.32,0.306,-0.1
-0.353,0.303,-0.108
-0.377,0.299,-0.122
-0.391,0.296,-0.129
-0.408,0.29,-0.139
-0.42,0.286,-0.149
-0.435,0.288,-0.161
-0.435,0.288,-0.161
-0.448,0.301,-0.166
-0.461,0.31,-0.179
-0.48,0.32,-0.191
-0.494,0.34,-0.213
-0.512,0.358,-0.229
-0.526,0.374,-0.242
-0.526,0.374,-0.242
-0.534,0.383,-0.252
-0.543,0.392,-0.259
-0.55,0.415,-0.261
-0.555,0.441,-0.263
-0.557,0.466,-0.263
-0.559,0.494,-0.273
-0.559,0.494,-0.273
-0.56,0.525,-0.278
-0.559,0.549,-0.285
-0.551,0.572,-0.3
-0.54,0.603,-0.315
-0.533,0.631,-0.335
-0.511,0.661,-0.366
-0.511,0.661,-0.387
-0.487,0.684,-0.387
-0.46,0.703,-0.403
-0.435,0.713,-0.423
-0.401,0.724,-0.436
-0.373,0.733,-0.44
-0.348,0.736,-0.451
-0.328,0.734,-0.447
-0.328,0.734,-0.447
-0.307,0.726,-0.448
-0.295,0.721,-0.458
-0.287,0.717,-0.456
-0.286,0.711,-0.456
-0.282,0.704,-0.458
-0.275,0.698,-0.465
-0.275,0.698,-0.465
-0.272,0.697,-0.462
-0.26,0.694,-0.463
-0.256,0.7,-0.463
-0.249,0.7,-0.455
-0.254,0.709,-0.455
-0.249,0.716,-0.446
-0.249,0.716,-0.446
-0.257,0.721,-0.443
-0.257,0.736,-0.434
-0.258,0.743,-0.427
-0.265,0.754,-0.422
-0.266,0.766,-0.413
-0.267,0.776,-0.4
-0.267,0.776,-0.4
-0.27,0.779,-0.393
-0.262,0.787,-0.378
-0.266,0.793,-0.367
-0.268,0.791,-0.365
-0.27,0.792,-0.352
-0.275,0.789,-0.349
-0.275,0.789,-0.349
-0.281,0.789,-0.345
-0.284,0.789,-0.333
-0.294,0.793,-0.333
-0.295,0.788,-0.337
-0.306,0.789,-0.341
-0.315,0.788,-0.347
-0.315,0.788,-0.347
-0.321,0.788,-0.336
-0.337,0.784,-0.344
-0.348,0.779,-0.347
-0.358,0.777,-0.345
-0.367,0.773,-0.333
-0.375,0.774,-0.339
-0.375,0.774,-0.339
-0.38,0.771,-0.342
-0.386,0.772,-0.344
-0.396,0.769,-0.346
-0.403,0.763,-0.341
-0.417,0.757,-0.354
-0.424,0.753,-0.351
-0.424,0.753,-0.342
-0.439,0.742,-0.342
-0.452,0.736,-0.334
-0.459,0.729,-0.326
-0.466,0.727,-0.319
-0.473,0.718,-0.304
-0.479,0.711,-0.287
-0.483,0.704,-0.278
-0.483,0.704,-0.278
-0.49,0.697,-0.277
-0.497,0.687,-0.272
-0.495,0.686,-0.262
-0.492,0.685,-0.255
-0.495,0.682,-0.246
-0.488,0.679,-0.25
-0.488,0.679,-0.25
-0.488,0.685,-0.239
-0.486,0.693,-0.228
-0.478,0.687,-0.224
-0.475,0.685,-0.228
-0.471,0.688,-0.219
-0.469,0.69,-0.219
-0.469,0.69,-0.219
-0.463,0.694,-0.227
-0.451,0.702,-0.229
-0.446,0.708,-0.242
-0.437,0.717,-0.25
-0.422,0.723,-0.248
-0.414,0.733,-0.257
-0.414,0.733,-0.257
-0.403,0.739,-0.267
-0.392,0.74,-0.275
-0.382,0.745,-0.286
-0.368,0.752,-0.3
-0.356,0.754,-0.317
-0.334,0.758,-0.331
-0.334,0.758,-0.331
-0.326,0.761,-0.348
-0.315,0.766,-0.359
-0.299,0.769,-0.373
-0.285,0.768,-0.378
-0.261,0.767,-0.383
-0.244,0.765,-0.383
-0.244,0.765,-0.383
-0.233,0.764,-0.385
-0.214,0.76,-0.388
-0.212,0.763,-0.387
-0.206,0.762,-0.385
-0.197,0.759,-0.387
-0.186,0.758,-0.381
-0.186,0.758,-0.375
-0.168,0.757,-0.375
-0.156,0.757,-0.38
-0.145,0.748,-0.372
-0.131,0.745,-0.37
-0.117,0.737,-0.375
-0.099,0.732,-0.372
-0.099,0.723,-0.377
-0.089,0.723,-0.377
-0.076,0.711,-0.376
-0.064,0.699,-0.375
-0.046,0.69,-0.368
-0.034,0.676,-0.365
-0.024,0.664,-0.356
-0.013,0.652,-0.347
-0.013,0.652,-0.347
-0.005,0.639,-0.341
0.005,0.627,-0.337
0.011,0.613,-0.332
0.015,0.605,-0.33
0.015,0.597,-0.324
0.02,0.587,-0.317
0.02,0.587,-0.317
0.022,0.578,-0.316
0.025,0.572,-0.314
0.023,0.567,-0.307
0.021,0.561,-0.312
0.027,0.551,-0.308
0.025,0.542,-0.305
0.025,0.542,-0.305
0.028,0.539,-0.304
0.03,0.531,-0.31
0.032,0.528,-0.306
0.032,0.522,-0.297
0.032,0.516,-0.289
0.03,0.509,-0.282
0.03,0.509,-0.282
0.029,0.502,-0.271
0.026,0.495,-0.26
0.034,0.489,-0.253
0.033,0.482,-0.257
0.03,0.474,-0.251
0.035,0.469,-0.246
0.035,0.469,-0.246
0.031,0.459,-0.236
0.024,0.451,-0.23
0.024,0.443,-0.217
0.019,0.431,-0.204
0.004,0.417,-0.197
-0.016,0.41,-0.184
-0.016,0.41,-0.184
-0.034,0.403,-0.164
-0.048,0.396,-0.148
-0.065,0.391,-0.14
-0.087,0.385,-0.129
-0.108,0.374,-0.12
-0.118,0.37,-0.115
-0.118,0.365,-0.106
-0.139,0.365,-0.106
-0.156,0.358,-0.104
-0.173,0.35,-0.104
-0.188,0.345,-0.102
-0.203,0.34,-0.1
-0.211,0.341,-0.098
-0.225,0.338,-0.1
-0.225,0.338,-0.1
-0.231,0.336,-0.096
-0.238,0.334,-0.102
-0.25,0.335,-0.1
-0.265,0.335,-0.099
-0.279,0.341,-0.091
-0.291,0.347,-0.093
-0.291,0.347,-0.093
-0.311,0.351,-0.094
-0.322,0.353,-0.099
-0.333,0.356,-0.105
-0.336,0.357,-0.106
-0.338,0.352,-0.111
-0.338,0.356,-0.106
-0.338,0.356,-0.106
-0.342,0.351,-0.105
-0.349,0.354,-0.11
-0.352,0.354,-0.118
-0.361,0.358,-0.114
-0.369,0.359,-0.12
-0.385,0.362,-0.121
-0.385,0.362,-0.121
-0.401,0.368,-0.131
-0.421,0.38,-0.129
-0.447,0.389,-0.146
-0.469,0.408,-0.157
-0.49,0.43,-0.175
-0.515,0.456,-0.194
-0.515,0.456,-0.194
-0.533,0.486,-0.212
-0.55,0.518,-0.24
-0.558,0.552,-0.269
-0.559,0.579,-0.29
-0.554,0.609,-0.302
-0.543,0.633,-0.313
-0.543,0.633,-0.313
-0.526,0.664,-0.304
-0.503,0.683,-0.304
-0.478,0.704,-0.292
-0.459,0.719,-0.289
-0.432,0.731,-0.28
-0.407,0.741,-0.28
-0.407,0.741,-0.283
-0.387,0.75,-0.283
-0.369,0.753,-0.286
-0.351,0.755,-0.274
-0.331,0.747,-0.26
-0.315,0.752,-0.267
-0.306,0.75,-0.255
-0.306,0.747,-0.255
-0.292,0.747,-0.255
-0.275,0.742,-0.245
-0.264,0.744,-0.24
-0.256,0.744,-0.247
-0.242,0.74,-0.25
-0.236,0.741,-0.255
-0.231,0.74,-0.249
-0.231,0.74,-0.249
-0.22,0.741,-0.249
-0.208,0.743,-0.241
-0.194,0.744,-0.242
-0.176,0.744,-0.243
-0.164,0.744,-0.248
-0.145,0.741,-0.241
-0.145,0.741,-0.241
-0.12,0.736,-0.246
-0.106,0.734,-0.251
-0.091,0.729,-0.26
-0.076,0.722,-0.257
-0.059,0.713,-0.267
-0.041,0.699,-0.27
-0.041,0.699,-0.27
-0.031,0.69,-0.277
-0.014,0.677,-0.284
0.001,0.668,-0.3
0.018,0.655,-0.305
0.02,0.649,-0.308
0.033,0.638,-0.316
0.033,0.638,-0.316
0.034,0.631,-0.326
0.041,0.624,-0.335
0.041,0.62,-0.341
0.048,0.612,-0.347
0.05,0.606,-0.355
0.056,0.603,-0.356
0.056,0.603,-0.356
0.055,0.599,-0.364
0.058,0.595,-0.377
0.056,0.595,-0.379
0.061,0.593,-0.377
0.06,0.585,-0.379
0.067,0.581,-0.385
0.067,0.581,-0.385
0.074,0.575,-0.393
0.08,0.572,-0.405
0.085,0.568,-0.411
0.093,0.565,-0.422
0.1,0.555,-0.421
0.107,0.552,-0.427
0.107,0.549,-0.44
0.11,0.549,-0.44
0.117,0.548,-0.462
0.119,0.547,-0.468
0.122,0.547,-0.489
0.122,0.548,-0.504
0.118,0.55,-0.523
0.112,0.556,-0.542
0.112,0.556,-0.542
0.102,0.558,-0.556
0.094,0.562,-0.574
0.079,0.564,-0.59
0.066,0.563,-0.598
0.045,0.568,-0.615
0.028,0.574,-0.615
0.028,0.574,-0.615
0.007,0.575,-0.63
-0.012,0.578,-0.637
-0.034,0.586,-0.644
-0.056,0.59,-0.647
-0.077,0.594,-0.652
-0.098,0.598,-0.648
-0.098,0.598,-0.648
-0.111,0.605,-0.651
-0.121,0.608,-0.647
-0.133,0.619,-0.647
-0.151,0.629,-0.628
-0.161,0.639,-0.628
-0.178,0.653,-0.624
-0.178,0.653,-0.624
-0.187,0.666,-0.622
-0.191,0.673,-0.611
-0.208,0.678,-0.607
-0.22,0.688,-0.597
-0.232,0.695,-0.588
-0.245,0.701,-0.586
-0.245,0.701,-0.586
-0.257,0.714,-0.568
-0.27,0.724,-0.559
-0.281,0.733,-0.542
-0.291,0.737,-0.526
-0.299,0.747,-0.501
-0.306,0.756,-0.482
-0.306,0.756,-0.482
-0.316,0.76,-0.468
-0.316,0.767,-0.45
-0.317,0.768,-0.425
-0.325,0.77,-0.412
-0.325,0.777,-0.399
-0.313,0.774,-0.387
-0.313,0.774,-0.387
-0.305,0.776,-0.372
-0.297,0.775,-0.352
-0.288,0.78,-0.335
-0.278,0.773,-0.327
-0.264,0.776,-0.317
-0.253,0.77,-0.314
-0.253,0.765,-0.311
-0.241,0.765,-0.311
-0.233,0.762,-0.302
-0.215,0.76,-0.309
-0.201,0.759,-0.305
-0.19,0.748,-0.309
-0.181,0.745,-0.296
-0.166,0.743,-0.291
-0.166,0.743,-0.291
-0.156,0.739,-0.291
-0.146,0.732,-0.285
-0.138,0.729,-0.278
-0.129,0.725,-0.274
-0.118,0.719,-0.271
-0.108,0.709,-0.262
-0.108,0.709,-0.262
-0.099,0.708,-0.262
-0.092,0.7,-0.256
-0.084,0.697,-0.249
-0.071,0.691,-0.248
-0.062,0.678,-0.237
-0.059,0.664,-0.238
-0.059,0.664,-0.238
-0.047,0.659,-0.228
-0.04,0.643,-0.23
-0.033,0.629,-0.224
-0.025,0.619,-0.221
-0.017,0.604,-0.22
-0.01,0.589,-0.217
-0.01,0.589,-0.217
-0.011,0.578,-0.209
-0.004,0.568,-0.202
-0.009,0.556,-0.201
-0.013,0.547,-0.186
-0.017,0.536,-0.184
-0.023,0.532,-0.185
-0.023,0.532,-0.185
-0.022,0.515,-0.176
-0.021,0.513,-0.181
-0.018,0.502,-0.173
-0.02,0.498,-0.172
-0.026,0.492,-0.168
-0.028,0.486,-0.171
-0.028,0.486,-0.171
-0.033,0.487,-0.167
-0.034,0.479,-0.172
-0.036,0.478,-0.161
-0.038,0.472,-0.169
-0.039,0.462,-0.166
-0.042,0.461,-0.165
-0.042,0.461,-0.173
-0.041,0.455,-0.173
-0.042,0.451,-0.17
-0.043,0.443,-0.172
-0.043,0.443,-0.176
-0.049,0.436,-0.176
-0.053,0.431,-0.162
-0.053,0.425,-0.17
-0.053,0.425,-0.17
-0.053,0.42,-0.169
-0.053,0.414,-0.163
-0.051,0.408,-0.16
-0.05,0.403,-0.161
-0.05,0.395,-0.161
-0.053,0.387,-0.164
-0.053,0.387,-0.164
-0.05,0.375,-0.159
-0.054,0.365,-0.153
-0.06,0.357,-0.145
-0.061,0.343,-0.141
-0.072,0.326,-0.126
-0.08,0.313,-0.126
-0.08,0.313,-0.126
-0.092,0.299,-0.12
-0.111,0.281,-0.114
-0.134,0.272,-0.105
-0.163,0.267,-0.097
-0.187,0.264,-0.092
-0.212,0.266,-0.088
-0.212,0.266,-0.088
-0.237,0.273,-0.089
-0.255,0.282,-0.092
-0.27,0.294,-0.097
-0.278,0.3,-0.103
-0.294,0.304,-0.108
-0.308,0.314,-0.105
-0.308,0.314,-0.105
-0.315,0.324,-0.116
-0.323,0.328,-0.12
-0.339,0.337,-0.122
-0.346,0.343,-0.118
-0.358,0.353,-0.128
-0.365,0.358,-0.131
-0.365,0.358,-0.131
-0.368,0.365,-0.131
-0.379,0.371,-0.138
-0.387,0.374,-0.137
-0.394,0.384,-0.14
-0.407,0.39,-0.141
-0.415,0.399,-0.149
-0.415,0.399,-0.149
-0.421,0.408,-0.153
-0.427,0.415,-0.166
-0.434,0.425,-0.171
-0.442,0.431,-0.179
-0.462,0.442,-0.192
-0.468,0.448,-0.206
-0.468,0.448,-0.212
-0.48,0.462,-0.212
-0.5,0.474,-0.233
-0.504,0.49,-0.253
-0.512,0.508,-0.272
-0.518,0.53,-0.28
-0.518,0.555,-0.273
-0.518,0.575,-0.269
-0.506,0.575,-0.269
-0.499,0.599,-0.274
-0.49,0.619,-0.265
-0.473,0.633,-0.268
-0.461,0.652,-0.268
-0.445,0.664,-0.273
-0.428,0.675,-0.287
-0.428,0.675,-0.287
-0.412,0.686,-0.29
-0.388,0.695,-0.297
-0.377,0.703,-0.304
-0.368,0.703,-0.308
-0.359,0.698,-0.313
