mx,my,mz
0.09,0.554,-0.433
0.092,0.554,-0.434
0.093,0.554,-0.438
0.09,0.555,-0.434
0.086,0.554,-0.433
0.086,0.556,-0.43
0.085,0.555,-0.433
0.085,0.555,-0.433
0.089,0.557,-0.429
0.091,0.557,-0.43
0.085,0.554,-0.433
0.091,0.552,-0.432
0.092,0.551,-0.433
0.09,0.552,-0.431
0.09,0.552,-0.431
0.095,0.554,-0.44
0.089,0.552,-0.434
0.097,0.555,-0.435
0.092,0.554,-0.436
0.094,0.558,-0.433
0.093,0.556,-0.427
0.093,0.556,-0.427
0.09,0.551,-0.433
0.09,0.553,-0.429
0.09,0.555,-0.426
0.089,0.553,-0.422
0.088,0.552,-0.424
0.095,0.553,-0.423
0.095,0.553,-0.424
0.095,0.551,-0.424
0.093,0.554,-0.424
0.091,0.555,-0.427
0.093,0.558,-0.424
0.091,0.564,-0.427
0.093,0.559,-0.432
0.093,0.564,-0.425
0.086,0.564,-0.425
0.088,0.565,-0.42
0.087,0.569,-0.42
0.085,0.571,-0.42
0.079,0.57,-0.417
0.081,0.575,-0.418
0.08,0.576,-0.412
0.08,0.576,-0.412
0.078,0.587,-0.412
0.07,0.585,-0.41
0.072,0.594,-0.41
0.067,0.596,-0.402
0.068,0.596,-0.404
0.074,0.598,-0.409
0.074,0.598,-0.409
0.07,0.6,-0.41
0.066,0.599,-0.404
0.066,0.604,-0.395
0.063,0.61,-0.401
0.058,0.618,-0.392
0.054,0.621,-0.399
0.054,0.621,-0.399
0.049,0.629,-0.396
0.047,0.631,-0.396
0.045,0.638,-0.392
0.041,0.638,-0.39
0.035,0.638,-0.393
0.036,0.641,-0.391
0.036,0.641,-0.391
0.042,0.643,-0.384
0.036,0.643,-0.384
0.033,0.644,-0.375
0.028,0.647,-0.366
0.026,0.65,-0.366
0.023,0.656,-0.358
0.023,0.656,-0.358
0.024,0.651,-0.365
0.026,0.651,-0.367
0.032,0.648,-0.368
0.032,0.642,-0.365
0.035,0.642,-0.361
0.038,0.642,-0.355
0.038,0.642,-0.355
0.039,0.641,-0.352
0.04,0.634,-0.346
0.041,0.628,-0.344
0.046,0.627,-0.335
0.043,0.623,-0.333
0.045,0.629,-0.332
0.045,0.629,-0.332
0.043,0.623,-0.328
0.039,0.625,-0.331
0.037,0.63,-0.325
0.027,0.64,-0.326
0.019,0.648,-0.331
0.015,0.652,-0.326
0.015,0.652,-0.326
0.009,0.661,-0.337
-0.004,0.66,-0.328
-0.013,0.669,-0.322
-0.023,0.677,-0.324
-0.033,0.68,-0.327
-0.045,0.695,-0.324
-0.045,0.706,-0.326
-0.064,0.706,-0.326
-0.082,0.717,-0.342
-0.101,0.73,-0.351
-0.125,0.737,-0.358
-0.147,0.745,-0.367
-0.17,0.749,-0.377
-0.17,0.752,-0.388
-0.188,0.752,-0.388
-0.213,0.751,-0.399
-0.227,0.748,-0.416
-0.241,0.746,-0.42
-0.253,0.744,-0.436
-0.259,0.746,-0.443
-0.265,0.746,-0.451
-0.265,0.746,-0.451
-0.278,0.735,-0.459
-0.283,0.731,-0.465
-0.292,0.73,-0.471
-0.3,0.726,-0.482
-0.305,0.716,-0.489
-0.314,0.714,-0.498
-0.314,0.714,-0.498
-0.318,0.713,-0.503
-0.319,0.705,-0.518
-0.322,0.698,-0.519
-0.324,0.702,-0.525
-0.325,0.698,-0.523
-0.327,0.693,-0.531
-0.327,0.693,-0.531
-0.329,0.69,-0.535
-0.333,0.69,-0.545
-0.332,0.678,-0.553
-0.333,0.671,-0.56
-0.337,0.662,-0.562
-0.339,0.652,-0.571
-0.339,0.652,-0.571
-0.339,0.643,-0.574
-0.339,0.635,-0.581
-0.34,0.623,-0.589
-0.339,0.612,-0.589
-0.339,0.602,-0.593
-0.347,0.59,-0.592
-0.347,0.59,-0.592
-0.351,0.581,-0.59
-0.355,0.571,-0.587
-0.367,0.563,-0.591
-0.371,0.558,-0.59
-0.38,0.549,-0.575
-0.388,0.539,-0.572
-0.388,0.539,-0.572
-0.392,0.532,-0.573
-0.398,0.522,-0.57
-0.405,0.51,-0.563
-0.413,0.496,-0.566
-0.421,0.489,-0.563
-0.427,0.482,-0.564
-0.427,0.482,-0.564
-0.434,0.476,-0.563
-0.439,0.475,-0.559
-0.442,0.478,-0.553
-0.437,0.479,-0.555
-0.433,0.474,-0.552
-0.424,0.477,-0.551
-0.424,0.477,-0.551
-0.418,0.481,-0.553
-0.406,0.487,-0.544
-0.396,0.488,-0.546
-0.384,0.495,-0.543
-0.377,0.508,-0.541
-0.369,0.518,-0.532
-0.369,0.518,-0.524
-0.363,0.532,-0.524
-0.365,0.544,-0.517
-0.37,0.561,-0.517
-0.368,0.575,-0.511
-0.368,0.589,-0.505
-0.377,0.607,-0.494
-0.377,0.624,-0.483
-0.387,0.624,-0.483
-0.397,0.634,-0.469
-0.41,0.64,-0.446
-0.42,0.642,-0.429
-0.433,0.648,-0.417
-0.443,0.646,-0.397
-0.444,0.653,-0.373
-0.444,0.653,-0.373
-0.441,0.651,-0.358
-0.437,0.651,-0.328
-0.423,0.646,-0.311
-0.416,0.64,-0.29
-0.411,0.635,-0.282
-0.403,0.63,-0.263
-0.403,0.63,-0.263
-0.394,0.625,-0.255
-0.382,0.62,-0.243
-0.371,0.618,-0.233
-0.36,0.615,-0.23
-0.349,0.608,-0.229
-0.34,0.605,-0.212
-0.34,0.605,-0.212
-0.331,0.603,-0.211
-0.327,0.59,-0.195
-0.326,0.582,-0.184
-0.332,0.568,-0.17
-0.331,0.559,-0.159
-0.337,0.542,-0.148
-0.337,0.542,-0.148
-0.342,0.525,-0.139
-0.339,0.507,-0.121
-0.343,0.48,-0.116
-0.353,0.444,-0.106
-0.364,0.4,-0.101
-0.379,0.358,-0.103
-0.379,0.358,-0.103
-0.378,0.31,-0.108
-0.368,0.267,-0.123
-0.353,0.239,-0.124
-0.341,0.223,-0.135
-0.33,0.21,-0.139
-0.319,0.208,-0.142
-0.319,0.208,-0.142
-0.307,0.202,-0.147
-0.304,0.206,-0.142
-0.298,0.194,-0.151
-0.294,0.189,-0.154
-0.294,0.172,-0.161
-0.288,0.156,-0.167
-0.288,0.156,-0.167
-0.276,0.132,-0.168
-0.249,0.12,-0.183
-0.224,0.115,-0.182
-0.184,0.113,-0.183
-0.162,0.128,-0.164
-0.163,0.14,-0.154
-0.163,0.14,-0.148
-0.151,0.15,-0.148
-0.131,0.148,-0.161
-0.11,0.151,-0.17
-0.089,0.144,-0.168
-0.058,0.152,-0.182
-0.019,0.166,-0.205
-0.019,0.177,-0.215
0.019,0.177,-0.215
0.041,0.193,-0.232
0.06,0.216,-0.24
0.078,0.242,-0.253
0.098,0.27,-0.275
0.116,0.293,-0.302
0.129,0.326,-0.32
0.129,0.326,-0.32
0.138,0.35,-0.334
0.143,0.387,-0.343
0.139,0.422,-0.35
0.133,0.462,-0.362
0.127,0.503,-0.369
0.113,0.542,-0.375
0.113,0.542,-0.375
0.088,0.583,-0.39
0.066,0.619,-0.398
0.036,0.652,-0.409
0.004,0.675,-0.416
-0.024,0.697,-0.427
-0.045,0.711,-0.441
-0.045,0.711,-0.441
-0.079,0.723,-0.453
-0.112,0.732,-0.465
-0.14,0.737,-0.479
-0.163,0.735,-0.484
-0.189,0.734,-0.503
-0.216,0.726,-0.518
-0.216,0.726,-0.518
-0.24,0.719,-0.529
-0.254,0.701,-0.551
-0.266,0.686,-0.571
-0.276,0.67,-0.586
-0.284,0.656,-0.593
-0.292,0.641,-0.606
-0.292,0.641,-0.606
-0.293,0.637,-0.616
-0.287,0.629,-0.609
-0.275,0.625,-0.616
-0.261,0.627,-0.615
-0.252,0.625,-0.612
-0.25,0.625,-0.612
-0.25,0.625,-0.612
-0.247,0.619,-0.61
-0.241,0.611,-0.614
-0.245,0.603,-0.61
-0.242,0.601,-0.607
-0.24,0.596,-0.605
-0.248,0.591,-0.604
-0.248,0.591,-0.604
-0.255,0.586,-0.599
-0.261,0.582,-0.607
-0.266,0.579,-0.6
-0.276,0.578,-0.593
-0.275,0.575,-0.596
-0.281,0.578,-0.587
-0.281,0.577,-0.591
-0.285,0.577,-0.591
-0.293,0.582,-0.586
-0.296,0.583,-0.576
-0.304,0.578,-0.577
-0.304,0.571,-0.567
-0.303,0.564,-0.558
-0.296,0.551,-0.559
-0.296,0.551,-0.559
-0.292,0.54,-0.557
-0.278,0.535,-0.551
-0.267,0.536,-0.548
-0.254,0.547,-0.532
-0.237,0.565,-0.531
-0.226,0.579,-0.519
-0.226,0.579,-0.519
-0.221,0.6,-0.514
-0.231,0.621,-0.494
-0.238,0.64,-0.487
-0.26,0.66,-0.465
-0.288,0.675,-0.449
-0.311,0.681,-0.434
-0.311,0.681,-0.434
-0.334,0.682,-0.412
-0.366,0.672,-0.407
-0.385,0.663,-0.397
-0.403,0.654,-0.383
-0.419,0.645,-0.377
-0.43,0.638,-0.373
-0.43,0.638,-0.373
-0.442,0.622,-0.369
-0.449,0.608,-0.364
-0.454,0.601,-0.365
-0.467,0.587,-0.363
-0.475,0.574,-0.359
-0.485,0.565,-0.351
-0.485,0.565,-0.351
-0.49,0.548,-0.356
-0.501,0.533,-0.351
-0.508,0.517,-0.345
-0.51,0.506,-0.343
-0.523,0.486,-0.343
-0.529,0.464,-0.339
-0.529,0.464,-0.339
-0.539,0.45,-0.34
-0.544,0.427,-0.338
-0.555,0.401,-0.33
-0.557,0.377,-0.328
-0.561,0.345,-0.315
-0.554,0.317,-0.303
-0.554,0.317,-0.303
-0.547,0.29,-0.305
-0.54,0.261,-0.298
-0.521,0.232,-0.296
-0.504,0.204,-0.303
-0.479,0.176,-0.315
-0.462,0.156,-0.317
-0.462,0.156,-0.317
-0.443,0.141,-0.309
-0.425,0.126,-0.312
-0.409,0.112,-0.303
-0.388,0.099,-0.302
-0.366,0.083,-0.297
-0.348,0.073,-0.292
-0.348,0.073,-0.299
-0.322,0.067,-0.299
-0.302,0.056,-0.291
-0.273,0.051,-0.294
-0.246,0.046,-0.282
-0.221,0.047,-0.285
-0.183,0.055,-0.282
-0.183,0.059,-0.286
-0.155,0.059,-0.286
-0.118,0.066,-0.286
-0.082,0.08,-0.285
-0.051,0.098,-0.286
-0.017,0.121,-0.284
0.011,0.144,-0.288
0.043,0.172,-0.296
0.043,0.172,-0.296
0.058,0.203,-0.294
0.078,0.234,-0.302
0.093,0.269,-0.316
0.111,0.307,-0.319
0.123,0.339,-0.324
0.127,0.381,-0.322
0.127,0.381,-0.322
0.127,0.417,-0.328
0.128,0.456,-0.326
0.121,0.486,-0.334
0.116,0.516,-0.339
0.106,0.551,-0.346
0.094,0.575,-0.344
0.094,0.575,-0.344
0.074,0.603,-0.352
0.057,0.629,-0.363
0.038,0.655,-0.372
0.02,0.678,-0.381
-0.01,0.695,-0.396
-0.037,0.712,-0.402
-0.037,0.712,-0.402
-0.065,0.728,-0.409
-0.093,0.744,-0.427
-0.115,0.755,-0.443
-0.138,0.758,-0.465
-0.165,0.752,-0.48
-0.185,0.756,-0.496
-0.185,0.756,-0.496
-0.209,0.751,-0.516
-0.224,0.74,-0.521
-0.239,0.725,-0.546
-0.25,0.712,-0.558
-0.261,0.698,-0.58
-0.277,0.683,-0.59
-0.277,0.683,-0.59
-0.292,0.67,-0.598
-0.301,0.659,-0.605
-0.312,0.645,-0.614
-0.312,0.633,-0.613
-0.312,0.638,-0.612
-0.317,0.633,-0.605
-0.317,0.633,-0.605
-0.312,0.636,-0.607
-0.311,0.635,-0.603
-0.31,0.628,-0.602
-0.307,0.623,-0.609
-0.301,0.619,-0.614
-0.289,0.606,-0.617
-0.289,0.606,-0.626
-0.282,0.603,-0.626
-0.268,0.598,-0.628
-0.264,0.592,-0.629
-0.26,0.586,-0.625
-0.262,0.585,-0.617
-0.263,0.586,-0.602
-0.263,0.586,-0.606
-0.259,0.586,-0.606
-0.253,0.587,-0.601
-0.249,0.59,-0.594
-0.244,0.589,-0.593
-0.241,0.599,-0.593
-0.242,0.61,-0.595
-0.249,0.621,-0.593
-0.249,0.621,-0.593
-0.265,0.634,-0.588
-0.285,0.647,-0.579
-0.305,0.649,-0.56
-0.332,0.641,-0.544
-0.356,0.617,-0.537
-0.368,0.58,-0.528
-0.368,0.58,-0.528
-0.371,0.547,-0.525
-0.361,0.508,-0.526
-0.335,0.48,-0.539
-0.298,0.455,-0.55
-0.254,0.44,-0.551
-0.201,0.436,-0.555
-0.201,0.436,-0.555
-0.161,0.452,-0.556
-0.119,0.478,-0.546
-0.104,0.521,-0.534
-0.092,0.551,-0.508
-0.095,0.59,-0.498
-0.108,0.626,-0.474
-0.108,0.626,-0.474
-0.127,0.654,-0.456
-0.154,0.677,-0.451
-0.173,0.695,-0.433
-0.2,0.715,-0.416
-0.233,0.719,-0.399
-0.259,0.725,-0.379
-0.259,0.725,-0.379
-0.283,0.729,-0.368
-0.312,0.716,-0.353
-0.339,0.707,-0.33
-0.364,0.697,-0.318
-0.388,0.676,-0.308
-0.406,0.657,-0.299
-0.406,0.657,-0.299
-0.42,0.637,-0.289
-0.436,0.614,-0.292
-0.444,0.599,-0.286
-0.45,0.58,-0.292
-0.458,0.569,-0.29
-0.457,0.561,-0.288
-0.457,0.561,-0.288
-0.456,0.548,-0.287
-0.458,0.541,-0.28
-0.461,0.529,-0.277
-0.468,0.521,-0.272
-0.473,0.507,-0.268
-0.489,0.494,-0.271
-0.489,0.494,-0.269
-0.494,0.478,-0.269
-0.502,0.463,-0.259
-0.513,0.446,-0.262
-0.52,0.422,-0.254
-0.524,0.396,-0.249
-0.532,0.376,-0.246
-0.528,0.35,-0.228
-0.528,0.35,-0.228
-0.526,0.334,-0.22
-0.525,0.312,-0.229
-0.527,0.293,-0.228
-0.524,0.264,-0.223
-0.519,0.244,-0.225
-0.511,0.218,-0.227
-0.511,0.218,-0.227
-0.498,0.192,-0.226
-0.478,0.162,-0.216
-0.452,0.145,-0.209
-0.415,0.131,-0.203
-0.388,0.128,-0.212
-0.366,0.135,-0.226
-0.366,0.135,-0.226
-0.356,0.141,-0.235
-0.36,0.137,-0.243
-0.355,0.127,-0.248
-0.348,0.113,-0.253
-0.332,0.095,-0.254
-0.318,0.082,-0.267
-0.318,0.082,-0.267
-0.29,0.069,-0.271
-0.272,0.059,-0.277
-0.248,0.055,-0.276
-0.216,0.054,-0.291
-0.19,0.048,-0.299
-0.164,0.048,-0.305
-0.164,0.048,-0.305
-0.137,0.053,-0.314
-0.106,0.055,-0.318
-0.083,0.06,-0.328
-0.052,0.075,-0.339
-0.027,0.09,-0.352
-0.004,0.101,-0.358
-0.004,0.101,-0.358
0.02,0.122,-0.366
0.045,0.144,-0.368
0.065,0.173,-0.375
0.09,0.202,-0.383
0.105,0.232,-0.389
0.118,0.26,-0.395
0.118,0.26,-0.395
0.129,0.289,-0.403
0.142,0.325,-0.402
0.147,0.362,-0.402
0.149,0.398,-0.394
0.143,0.432,-0.398
0.143,0.463,-0.392
0.143,0.463,-0.395
0.134,0.498,-0.395
0.124,0.526,-0.406
0.111,0.555,-0.413
0.089,0.585,-0.426
0.074,0.614,-0.433
0.052,0.642,-0.44
0.052,0.666,-0.454
0.027,0.666,-0.454
-0.002,0.683,-0.454
-0.025,0.699,-0.467
-0.055,0.713,-0.482
-0.084,0.724,-0.494
-0.111,0.731,-0.52
-0.146,0.73,-0.531
-0.146,0.73,-0.531
-0.18,0.729,-0.544
-0.214,0.718,-0.555
-0.245,0.707,-0.562
-0.277,0.706,-0.562
-0.302,0.693,-0.563
-0.317,0.686,-0.572
-0.317,0.686,-0.572
-0.331,0.676,-0.576
-0.339,0.661,-0.587
-0.352,0.648,-0.586
-0.362,0.64,-0.587
-0.376,0.628,-0.592
-0.383,0.628,-0.595
-0.383,0.628,-0.595
-0.386,0.618,-0.598
-0.38,0.617,-0.595
-0.387,0.612,-0.6
-0.384,0.605,-0.596
-0.393,0.602,-0.601
-0.4,0.597,-0.596
-0.4,0.597,-0.596
-0.404,0.592,-0.595
-0.409,0.583,-0.596
-0.414,0.579,-0.597
-0.417,0.576,-0.596
-0.408,0.582,-0.596
-0.402,0.581,-0.594
-0.402,0.581,-0.594
-0.387,0.583,-0.602
-0.382,0.59,-0.608
-0.372,0.584,-0.615
-0.368,0.582,-0.618
-0.363,0.58,-0.616
-0.362,0.583,-0.614
-0.362,0.583,-0.614
-0.358,0.586,-0.617
-0.348,0.59,-0.618
-0.332,0.587,-0.62
-0.317,0.587,-0.622
-0.294,0.585,-0.62
-0.27,0.582,-0.617
-0.27,0.582,-0.617
-0.248,0.575,-0.621
-0.226,0.572,-0.622
-0.22,0.574,-0.619
-0.214,0.579,-0.605
-0.21,0.595,-0.589
-0.207,0.609,-0.573
-0.207,0.609,-0.557
-0.2,0.631,-0.557
-0.204,0.647,-0.539
-0.217,0.665,-0.524
-0.238,0.676,-0.516
-0.274,0.665,-0.495
-0.303,0.651,-0.486
-0.303,0.622,-0.47
-0.329,0.622,-0.47
-0.348,0.583,-0.473
-0.357,0.541,-0.474
-0.35,0.499,-0.494
-0.329,0.459,-0.517
-0.296,0.435,-0.543
-0.244,0.426,-0.565
-0.244,0.426,-0.565
-0.192,0.437,-0.57
-0.14,0.473,-0.575
-0.106,0.519,-0.563
-0.089,0.579,-0.544
-0.094,0.634,-0.521
-0.117,0.685,-0.499
-0.117,0.685,-0.499
-0.151,0.724,-0.473
-0.189,0.755,-0.46
-0.235,0.778,-0.434
-0.273,0.788,-0.42
-0.317,0.788,-0.389
-0.353,0.78,-0.362
-0.353,0.78,-0.362
-0.385,0.762,-0.336
-0.413,0.743,-0.32
-0.435,0.721,-0.312
-0.448,0.692,-0.299
-0.455,0.67,-0.293
-0.474,0.641,-0.286
-0.474,0.641,-0.286
-0.483,0.62,-0.288
-0.49,0.594,-0.293
-0.497,0.568,-0.298
-0.507,0.549,-0.313
-0.509,0.535,-0.33
-0.508,0.518,-0.337
-0.508,0.518,-0.337
-0.514,0.513,-0.343
-0.513,0.505,-0.348
-0.513,0.492,-0.352
-0.521,0.479,-0.365
-0.527,0.471,-0.37
-0.529,0.462,-0.376
-0.529,0.462,-0.376
-0.533,0.453,-0.388
-0.535,0.446,-0.393
-0.542,0.441,-0.395
-0.546,0.429,-0.404
-0.547,0.413,-0.401
-0.554,0.404,-0.398
-0.554,0.404,-0.398
-0.553,0.389,-0.401
-0.56,0.382,-0.395
-0.558,0.367,-0.396
-0.563,0.356,-0.388
-0.561,0.352,-0.386
-0.564,0.34,-0.385
-0.564,0.34,-0.385
-0.566,0.327,-0.38
-0.568,0.316,-0.377
-0.565,0.299,-0.372
-0.558,0.285,-0.368
-0.558,0.263,-0.37
-0.552,0.252,-0.361
-0.552,0.252,-0.36
-0.542,0.232,-0.36
-0.532,0.212,-0.354
-0.525,0.197,-0.348
-0.513,0.186,-0.352
-0.501,0.176,-0.35
-0.494,0.17,-0.355
-0.494,0.159,-0.363
-0.479,0.159,-0.363
-0.472,0.148,-0.362
-0.455,0.136,-0.366
-0.433,0.117,-0.374
-0.416,0.098,-0.37
-0.388,0.084,-0.368
-0.367,0.066,-0.362
-0.367,0.066,-0.362
-0.336,0.056,-0.365
-0.311,0.042,-0.364
-0.277,0.038,-0.365
-0.256,0.033,-0.372
-0.226,0.035,-0.374
-0.199,0.034,-0.372
-0.199,0.034,-0.372
-0.171,0.036,-0.369
-0.141,0.043,-0.373
-0.114,0.053,-0.376
-0.086,0.056,-0.387
-0.062,0.067,-0.395
-0.044,0.079,-0.396
-0.044,0.079,-0.396
-0.022,0.091,-0.4
-0.006,0.107,-0.406
0.017,0.119,-0.412
0.031,0.135,-0.408
0.055,0.157,-0.418
0.067,0.171,-0.415
0.067,0.171,-0.415
0.081,0.19,-0.418
0.095,0.212,-0.425
0.109,0.235,-0.429
0.119,0.265,-0.431
0.127,0.292,-0.429
0.133,0.316,-0.435
0.133,0.316,-0.435
0.138,0.343,-0.435
0.138,0.372,-0.438
0.142,0.398,-0.44
0.143,0.422,-0.45
0.135,0.45,-0.458
0.128,0.48,-0.469
0.128,0.48,-0.469
0.121,0.51,-0.474
0.107,0.533,-0.487
0.095,0.555,-0.488
0.085,0.573,-0.502
0.071,0.586,-0.507
0.056,0.609,-0.513
0.056,0.609,-0.513
0.038,0.625,-0.526
0.019,0.637,-0.528
-0.006,0.647,-0.542
-0.031,0.666,-0.555
-0.056,0.676,-0.561
-0.09,0.686,-0.567
-0.09,0.686,-0.572
-0.125,0.691,-0.572
-0.155,0.696,-0.572
-0.178,0.702,-0.568
-0.202,0.702,-0.572
-0.219,0.697,-0.572
-0.234,0.702,-0.572
-0.234,0.699,-0.576
-0.255,0.699,-0.576
-0.269,0.693,-0.576
-0.283,0.688,-0.578
-0.297,0.679,-0.582
-0.314,0.674,-0.588
-0.322,0.663,-0.597
-0.328,0.65,-0.603
-0.328,0.65,-0.603
-0.34,0.635,-0.614
-0.339,0.621,-0.622
-0.344,0.61,-0.635
-0.343,0.602,-0.637
-0.347,0.601,-0.636
-0.346,0.598,-0.636
-0.346,0.598,-0.636
-0.34,0.602,-0.634
-0.33,0.612,-0.63
-0.316,0.619,-0.635
-0.302,0.627,-0.636
-0.287,0.626,-0.64
-0.273,0.629,-0.642
-0.273,0.629,-0.642
-0.259,0.632,-0.642
-0.248,0.63,-0.643
-0.238,0.628,-0.647
-0.222,0.633,-0.638
-0.205,0.635,-0.627
-0.192,0.646,-0.607
-0.192,0.646,-0.607
-0.18,0.652,-0.59
-0.176,0.654,-0.57
-0.173,0.647,-0.567
-0.176,0.64,-0.55
-0.173,0.636,-0.541
-0.161,0.636,-0.52
-0.161,0.636,-0.52
-0.154,0.639,-0.49
-0.152,0.64,-0.457
-0.162,0.636,-0.436
-0.186,0.632,-0.428
-0.21,0.62,-0.433
-0.234,0.602,-0.441
-0.234,0.602,-0.441
-0.245,0.586,-0.447
-0.251,0.569,-0.455
-0.241,0.555,-0.47
-0.22,0.544,-0.478
-0.19,0.546,-0.475
-0.154,0.555,-0.461
-0.154,0.555,-0.461
-0.128,0.589,-0.435
-0.119,0.623,-0.404
-0.136,0.651,-0.367
-0.159,0.673,-0.348
-0.195,0.686,-0.316
-0.232,0.686,-0.286
-0.232,0.686,-0.274
-0.268,0.677,-0.274
-0.308,0.673,-0.262
-0.345,0.668,-0.254
-0.378,0.647,-0.263
-0.407,0.626,-0.277
-0.431,0.614,-0.296
-0.431,0.598,-0.309
-0.447,0.598,-0.309
-0.463,0.574,-0.321
-0.475,0.552,-0.34
-0.486,0.535,-0.353
-0.491,0.519,-0.371
-0.496,0.508,-0.385
-0.498,0.502,-0.393
-0.498,0.502,-0.393
-0.507,0.493,-0.409
-0.508,0.475,-0.419
-0.514,0.471,-0.427
-0.518,0.458,-0.438
-0.52,0.45,-0.44
-0.524,0.444,-0.453
-0.524,0.444,-0.453
-0.522,0.44,-0.466
-0.525,0.435,-0.482
-0.523,0.429,-0.49
-0.526,0.414,-0.491
-0.528,0.407,-0.495
-0.526,0.397,-0.504
-0.526,0.397,-0.504
-0.528,0.389,-0.502
-0.535,0.382,-0.501
-0.54,0.369,-0.494
-0.546,0.356,-0.483
-0.554,0.342,-0.463
-0.557,0.33,-0.456
-0.557,0.33,-0.456
-0.562,0.312,-0.441
-0.56,0.296,-0.428
-0.561,0.28,-0.417
-0.556,0.262,-0.409
-0.555,0.243,-0.392
-0.541,0.227,-0.371
-0.541,0.227,-0.371
-0.534,0.212,-0.361
-0.521,0.197,-0.347
-0.509,0.183,-0.339
-0.488,0.175,-0.327
-0.471,0.169,-0.321
-0.458,0.161,-0.325
-0.458,0.161,-0.325
-0.444,0.161,-0.327
-0.438,0.155,-0.334
-0.43,0.139,-0.332
-0.416,0.122,-0.34
-0.4,0.098,-0.346
-0.37,0.079,-0.348
-0.37,0.079,-0.348
-0.341,0.062,-0.352
-0.314,0.05,-0.359
-0.285,0.041,-0.364
-0.255,0.037,-0.368
-0.231,0.035,-0.372
-0.209,0.032,-0.38
-0.209,0.032,-0.384
-0.187,0.039,-0.384
-0.158,0.035,-0.394
-0.133,0.042,-0.397
-0.104,0.053,-0.411
-0.08,0.061,-0.424
-0.063,0.073,-0.44
-0.063,0.087,-0.453
-0.042,0.087,-0.453
-0.023,0.105,-0.47
-0.0,0.121,-0.481
0.011,0.138,-0.494
0.025,0.157,-0.504
0.042,0.179,-0.511
0.055,0.199,-0.518
0.055,0.199,-0.518
0.07,0.216,-0.522
0.076,0.244,-0.526
0.091,0.275,-0.533
0.1,0.3,-0.532
0.107,0.331,-0.531
0.108,0.357,-0.535
0.108,0.357,-0.535
0.112,0.387,-0.529
0.116,0.413,-0.524
0.119,0.437,-0.515
0.12,0.462,-0.509
0.113,0.49,-0.499
0.111,0.514,-0.498
0.111,0.514,-0.498
0.103,0.535,-0.488
0.097,0.547,-0.49
0.089,0.568,-0.486
0.075,0.59,-0.488
0.057,0.609,-0.485
0.037,0.638,-0.475
0.037,0.638,-0.475
0.019,0.661,-0.466
-0.007,0.688,-0.464
-0.031,0.707,-0.458
-0.051,0.72,-0.461
-0.073,0.732,-0.458
-0.096,0.743,-0.447
-0.096,0.743,-0.447
-0.125,0.754,-0.451
-0.149,0.756,-0.437
-0.171,0.764,-0.441
-0.185,0.755,-0.453
-0.199,0.755,-0.466
-0.211,0.754,-0.485
-0.211,0.754,-0.485
-0.217,0.749,-0.493
-0.221,0.738,-0.508
-0.213,0.731,-0.523
-0.21,0.725,-0.538
-0.204,0.718,-0.547
-0.203,0.708,-0.559
-0.203,0.708,-0.559
-0.196,0.696,-0.569
-0.195,0.687,-0.586
-0.194,0.682,-0.591
-0.198,0.679,-0.596
-0.198,0.676,-0.6
-0.199,0.679,-0.591
-0.199,0.679,-0.591
-0.199,0.68,-0.596
-0.192,0.681,-0.59
-0.184,0.681,-0.588
-0.179,0.679,-0.595
-0.179,0.68,-0.598
-0.171,0.677,-0.6
-0.171,0.677,-0.59
-0.154,0.68,-0.59
-0.144,0.681,-0.586
-0.136,0.681,-0.577
-0.134,0.686,-0.568
-0.133,0.686,-0.552
-0.135,0.683,-0.541
-0.135,0.683,-0.535
-0.143,0.683,-0.535
-0.149,0.677,-0.526
-0.157,0.671,-0.509
-0.155,0.666,-0.49
-0.149,0.661,-0.472
-0.152,0.664,-0.445
-0.159,0.666,-0.424
-0.159,0.666,-0.424
-0.179,0.657,-0.418
-0.199,0.65,-0.41
-0.206,0.63,-0.404
-0.228,0.619,-0.413
-0.234,0.603,-0.422
-0.242,0.582,-0.448
-0.242,0.582,-0.448
-0.223,0.564,-0.458
-0.207,0.544,-0.466
-0.171,0.537,-0.457
-0.131,0.541,-0.453
-0.103,0.558,-0.424
-0.089,0.582,-0.402
-0.089,0.582,-0.402
-0.1,0.62,-0.375
-0.12,0.645,-0.354
-0.146,0.664,-0.339
-0.177,0.685,-0.321
-0.209,0.69,-0.312
-0.243,0.694,-0.298
-0.243,0.694,-0.298
-0.27,0.696,-0.302
-0.309,0.689,-0.301
-0.348,0.681,-0.301
-0.386,0.663,-0.301
-0.412,0.642,-0.312
-0.435,0.624,-0.326
-0.435,0.624,-0.326
-0.455,0.605,-0.337
-0.462,0.585,-0.354
-0.475,0.565,-0.361
-0.483,0.553,-0.372
-0.487,0.537,-0.38
-0.487,0.522,-0.388
-0.487,0.522,-0.388
-0.49,0.511,-0.401
-0.495,0.5,-0.416
-0.498,0.493,-0.425
-0.502,0.486,-0.441
