Raw: 189.00, -1015.00, 16472.00 | Corrected+Filtered: 0.038247, -0.039989, 0.999949
Raw: 156.00, -1018.00, 16299.00 | Corrected+Filtered: 0.038353, -0.040246, 0.999082
Raw: -129.00, -1028.00, 16502.00 | Corrected+Filtered: 0.036656, -0.040044, 1.000462
Raw: 133.00, -1025.00, 16542.00 | Corrected+Filtered: 0.036841, -0.039982, 1.001059
Raw: 124.00, -1117.00, 16454.00 | Corrected+Filtered: 0.037055, -0.040648, 1.001524
Raw: 78.00, -1046.00, 16346.00 | Corrected+Filtered: 0.036345, -0.040660, 1.000652
Raw: 170.00, -1100.00, 16448.00 | Corrected+Filtered: 0.037130, -0.041537, 0.999582
Raw: 86.00, -840.00, 16357.00 | Corrected+Filtered: 0.036557, -0.040283, 0.999029
Raw: 83.00, -1055.00, 16465.00 | Corrected+Filtered: 0.036380, -0.040527, 1.000364
Raw: 114.00, -1018.00, 16346.00 | Corrected+Filtered: 0.036206, -0.040520, 0.999580
Raw: 93.00, -1070.00, 16424.00 | Corrected+Filtered: 0.035627, -0.040843, 0.999263
Raw: 164.00, -829.00, 16536.00 | Corrected+Filtered: 0.035672, -0.039650, 1.000735
Raw: 89.00, -994.00, 16395.00 | Corrected+Filtered: 0.036972, -0.039506, 1.000125
Raw: 62.00, -946.00, 16215.00 | Corrected+Filtered: 0.036467, -0.039050, 0.998131
Raw: 42.00, -1102.00, 16401.00 | Corrected+Filtered: 0.035956, -0.038946, 0.997796
Raw: 148.00, -1030.00, 16440.00 | Corrected+Filtered: 0.036394, -0.038851, 0.998383
Raw: 160.00, -992.00, 16677.00 | Corrected+Filtered: 0.036347, -0.038153, 0.999792
Raw: 116.00, -1107.00, 16380.00 | Corrected+Filtered: 0.036594, -0.039798, 0.999900
Raw: 162.00, -944.00, 16369.00 | Corrected+Filtered: 0.037033, -0.039147, 0.999344
Raw: 88.00, -1119.00, 16415.00 | Corrected+Filtered: 0.036910, -0.039752, 0.999746
Raw: 40.00, -1004.00, 16543.00 | Corrected+Filtered: 0.036592, -0.039318, 1.000471
Raw: 128.00, -1035.00, 16563.00 | Corrected+Filtered: 0.036425, -0.040572, 1.000601
Raw: 191.00, -992.00, 16460.00 | Corrected+Filtered: 0.037056, -0.040574, 1.001015
Raw: 192.00, -990.00, 16503.00 | Corrected+Filtered: 0.037905, -0.040834, 1.002786
Raw: 101.00, -1009.00, 16562.00 | Corrected+Filtered: 0.038270, -0.040254, 1.003790
Raw: 23.00, -1011.00, 16274.00 | Corrected+Filtered: 0.037477, -0.040131, 1.002760
Raw: 95.00, -1078.00, 16348.00 | Corrected+Filtered: 0.037046, -0.040691, 1.000732
Raw: 127.00, -994.00, 16476.00 | Corrected+Filtered: 0.037103, -0.039985, 1.001334
Raw: 191.00, -1049.00, 16610.00 | Corrected+Filtered: 0.037345, -0.040604, 1.002793
Raw: 137.00, -1017.00, 16378.00 | Corrected+Filtered: 0.037613, -0.039993, 1.002590
Raw: 54.00, -1083.00, 16473.00 | Corrected+Filtered: 0.037704, -0.040492, 1.002155
Raw: -35.00, -977.00, 16683.00 | Corrected+Filtered: 0.036720, -0.040081, 1.002867
Raw: 10.00, -962.00, 16149.00 | Corrected+Filtered: 0.035560, -0.039899, 1.000945
Raw: -90.00, -1058.00, 16374.00 | Corrected+Filtered: 0.033839, -0.040270, 1.000102
Raw: 106.00, -1020.00, 16610.00 | Corrected+Filtered: 0.033880, -0.040332, 1.000394
Raw: 137.00, -968.00, 16480.00 | Corrected+Filtered: 0.034598, -0.040065, 1.001674
Raw: 114.00, -982.00, 16542.00 | Corrected+Filtered: 0.034725, -0.039453, 1.002873
Raw: -70.00, -979.00, 16414.00 | Corrected+Filtered: 0.033513, -0.039324, 1.002464
Raw: -226.00, -930.00, 16481.00 | Corrected+Filtered: 0.030928, -0.038515, 1.001624
Raw: 68.00, -956.00, 16456.00 | Corrected+Filtered: 0.030507, -0.038113, 1.002096
Raw: -12.00, -950.00, 16419.00 | Corrected+Filtered: 0.030067, -0.037288, 1.001774
Raw: -75.00, -1004.00, 16267.00 | Corrected+Filtered: 0.029759, -0.037503, 0.999229
Raw: 15.00, -908.00, 16529.00 | Corrected+Filtered: 0.029841, -0.037119, 1.001553
Raw: 57.00, -1011.00, 16207.00 | Corrected+Filtered: 0.030696, -0.036887, 1.000567
Raw: -43.00, -949.00, 16493.00 | Corrected+Filtered: 0.029754, -0.036433, 0.999838
Raw: -10.00, -861.00, 16499.00 | Corrected+Filtered: 0.028839, -0.035739, 0.999944
Raw: 21.00, -995.00, 16584.00 | Corrected+Filtered: 0.028284, -0.035792, 1.000182
Raw: -50.00, -921.00, 16186.00 | Corrected+Filtered: 0.028353, -0.035472, 0.998804
Raw: -46.00, -1009.00, 16293.00 | Corrected+Filtered: 0.029434, -0.036024, 0.997678
Raw: -52.00, -962.00, 16444.00 | Corrected+Filtered: 0.028704, -0.036036, 0.997584
Raw: -74.00, -975.00, 16576.00 | Corrected+Filtered: 0.028359, -0.036153, 0.998527
Raw: -25.00, -933.00, 16434.00 | Corrected+Filtered: 0.028675, -0.035705, 0.999563
Raw: 45.00, -915.00, 16374.00 | Corrected+Filtered: 0.028833, -0.035777, 0.998622
Raw: -36.00, -943.00, 16455.00 | Corrected+Filtered: 0.028294, -0.035303, 1.000127
Raw: 9.00, -956.00, 16618.00 | Corrected+Filtered: 0.028633, -0.035340, 1.000897
Raw: -237.00, -981.00, 16425.00 | Corrected+Filtered: 0.027267, -0.036036, 1.000391
Raw: -74.00, -958.00, 16483.00 | Corrected+Filtered: 0.026664, -0.035801, 0.999765
Raw: -42.00, -990.00, 16476.00 | Corrected+Filtered: 0.026778, -0.036187, 1.001524
Raw: -53.00, -878.00, 16486.00 | Corrected+Filtered: 0.026738, -0.035353, 1.002717
Raw: -33.00, -897.00, 16142.00 | Corrected+Filtered: 0.026787, -0.035000, 1.000889
Raw: -42.00, -891.00, 16362.00 | Corrected+Filtered: 0.026926, -0.034521, 0.999601
Raw: -20.00, -933.00, 16470.00 | Corrected+Filtered: 0.026963, -0.034517, 0.999822
Raw: -97.00, -813.00, 16378.00 | Corrected+Filtered: 0.026077, -0.033857, 0.999836
Raw: -68.00, -896.00, 16583.00 | Corrected+Filtered: 0.025893, -0.033543, 1.000617
Raw: -43.00, -841.00, 16525.00 | Corrected+Filtered: 0.025535, -0.032837, 1.000058
Raw: -93.00, -935.00, 16511.00 | Corrected+Filtered: 0.026414, -0.032575, 1.000613
Raw: -75.00, -934.00, 16410.00 | Corrected+Filtered: 0.026391, -0.032438, 1.000171
Raw: -109.00, -902.00, 16362.00 | Corrected+Filtered: 0.025944, -0.031897, 0.999477
Raw: -63.00, -1020.00, 16646.00 | Corrected+Filtered: 0.025942, -0.032746, 1.000431
Raw: -114.00, -739.00, 16436.00 | Corrected+Filtered: 0.025463, -0.031715, 1.002231
Raw: -137.00, -726.00, 16218.00 | Corrected+Filtered: 0.024824, -0.030699, 1.001360
Raw: -101.00, -798.00, 16379.00 | Corrected+Filtered: 0.024285, -0.029864, 1.000810
Raw: -170.00, -829.00, 16358.00 | Corrected+Filtered: 0.023841, -0.029948, 1.000674
Raw: -41.00, -842.00, 16108.00 | Corrected+Filtered: 0.023913, -0.029688, 0.997791
Raw: -98.00, -701.00, 16478.00 | Corrected+Filtered: 0.023538, -0.028822, 0.997515
Raw: -61.00, -744.00, 16692.00 | Corrected+Filtered: 0.023720, -0.027630, 0.998650
Raw: -99.00, -738.00, 16490.00 | Corrected+Filtered: 0.023542, -0.026409, 0.999161
Raw: -94.00, -692.00, 16394.00 | Corrected+Filtered: 0.023591, -0.025117, 0.999387
Raw: -142.00, -681.00, 16413.00 | Corrected+Filtered: 0.022994, -0.023048, 0.998001
Raw: -98.00, -784.00, 16444.00 | Corrected+Filtered: 0.023102, -0.023327, 0.998046
Raw: -118.00, -688.00, 16491.00 | Corrected+Filtered: 0.023255, -0.023060, 0.999718
Raw: -53.00, -677.00, 16491.00 | Corrected+Filtered: 0.023539, -0.022311, 1.000426
Raw: -80.00, -721.00, 16350.00 | Corrected+Filtered: 0.024060, -0.021669, 1.000407
Raw: 5.00, -816.00, 16335.00 | Corrected+Filtered: 0.024372, -0.021489, 1.001802
Raw: -87.00, -864.00, 16363.00 | Corrected+Filtered: 0.024457, -0.022509, 1.001080
Raw: -59.00, -825.00, 16543.00 | Corrected+Filtered: 0.024462, -0.023028, 1.000161
Raw: -80.00, -695.00, 16407.00 | Corrected+Filtered: 0.024554, -0.022779, 0.999665
Raw: 15.00, -801.00, 16524.00 | Corrected+Filtered: 0.025264, -0.023456, 1.000460
Raw: -9.00, -829.00, 16391.00 | Corrected+Filtered: 0.026103, -0.024399, 1.000328
Raw: 179.00, -812.00, 16297.00 | Corrected+Filtered: 0.027769, -0.024655, 0.999475
Raw: -7.00, -888.00, 16367.00 | Corrected+Filtered: 0.028468, -0.025927, 0.998711
Raw: -96.00, -737.00, 16434.00 | Corrected+Filtered: 0.028211, -0.026294, 0.998348
Raw: -46.00, -536.00, 16357.00 | Corrected+Filtered: 0.028377, -0.025164, 0.998422
Raw: -10.00, -938.00, 16351.00 | Corrected+Filtered: 0.028316, -0.025908, 0.998500
Raw: -77.00, -913.00, 16505.00 | Corrected+Filtered: 0.028412, -0.026192, 0.999360
Raw: -135.00, -940.00, 16469.00 | Corrected+Filtered: 0.027964, -0.026891, 0.998880
Raw: -104.00, -913.00, 16508.00 | Corrected+Filtered: 0.027885, -0.028212, 0.999462
Raw: -11.00, -866.00, 16463.00 | Corrected+Filtered: 0.027731, -0.028614, 0.999076
Raw: -47.00, -843.00, 16490.00 | Corrected+Filtered: 0.027520, -0.028677, 0.999671
Raw: -111.00, -739.00, 16529.00 | Corrected+Filtered: 0.025779, -0.028130, 1.001046
Raw: -69.00, -841.00, 16483.00 | Corrected+Filtered: 0.025411, -0.027811, 1.001749
Raw: -26.00, -939.00, 16412.00 | Corrected+Filtered: 0.025879, -0.029072, 1.001599
Raw: -110.00, -809.00, 16367.00 | Corrected+Filtered: 0.025554, -0.030734, 1.001611
Raw: -52.00, -749.00, 16377.00 | Corrected+Filtered: 0.025260, -0.029559, 1.001789
Raw: -63.00, -881.00, 16645.00 | Corrected+Filtered: 0.025361, -0.029346, 1.002649
Raw: -195.00, -838.00, 16595.00 | Corrected+Filtered: 0.024994, -0.028688, 1.003421
Raw: -37.00, -750.00, 16293.00 | Corrected+Filtered: 0.025328, -0.027731, 1.002144
Raw: -97.00, -861.00, 16283.00 | Corrected+Filtered: 0.024774, -0.027706, 1.001034
Raw: -35.00, -917.00, 16709.00 | Corrected+Filtered: 0.024901, -0.028133, 1.002360
Raw: -122.00, -833.00, 16453.00 | Corrected+Filtered: 0.024842, -0.028719, 1.001882
Raw: 22.00, -734.00, 16500.00 | Corrected+Filtered: 0.025374, -0.028079, 1.002016
Raw: -34.00, -926.00, 16531.00 | Corrected+Filtered: 0.025343, -0.027981, 1.002742
Raw: -65.00, -888.00, 16455.00 | Corrected+Filtered: 0.025649, -0.028465, 1.003274
Raw: -44.00, -882.00, 16226.00 | Corrected+Filtered: 0.025703, -0.029305, 1.002337
Raw: -111.00, -937.00, 16381.00 | Corrected+Filtered: 0.025379, -0.029675, 1.000712
Raw: -97.00, -835.00, 16429.00 | Corrected+Filtered: 0.025946, -0.029702, 0.999718
Raw: -77.00, -974.00, 16605.00 | Corrected+Filtered: 0.025807, -0.031026, 1.001581
Raw: -24.00, -837.00, 16417.00 | Corrected+Filtered: 0.026268, -0.030877, 1.002414
Raw: -25.00, -861.00, 16513.00 | Corrected+Filtered: 0.026283, -0.030562, 1.001229
Raw: -7.00, -827.00, 16502.00 | Corrected+Filtered: 0.026989, -0.030545, 1.001547
Raw: -54.00, -836.00, 16393.00 | Corrected+Filtered: 0.026532, -0.031169, 1.000868
Raw: -86.00, -818.00, 16597.00 | Corrected+Filtered: 0.026203, -0.030484, 1.001277
Raw: -9.00, -865.00, 16620.00 | Corrected+Filtered: 0.026566, -0.030333, 1.002295
Raw: -2.00, -926.00, 16398.00 | Corrected+Filtered: 0.026860, -0.030589, 1.003344
Raw: -56.00, -885.00, 16239.00 | Corrected+Filtered: 0.027159, -0.030302, 1.002495
Raw: -110.00, -819.00, 16400.00 | Corrected+Filtered: 0.027071, -0.030204, 1.002319
Raw: -155.00, -808.00, 16308.00 | Corrected+Filtered: 0.026509, -0.029207, 1.000518
Raw: -25.00, -740.00, 16498.00 | Corrected+Filtered: 0.026494, -0.028600, 1.001025
Raw: -29.00, -918.00, 16529.00 | Corrected+Filtered: 0.026485, -0.028947, 1.001114
Raw: -143.00, -763.00, 16491.00 | Corrected+Filtered: 0.025642, -0.028524, 1.001033
Raw: 10.00, -841.00, 16336.00 | Corrected+Filtered: 0.026023, -0.028577, 1.000696
Raw: -78.00, -802.00, 16472.00 | Corrected+Filtered: 0.026046, -0.028498, 0.999938
Raw: -138.00, -886.00, 16375.00 | Corrected+Filtered: 0.025225, -0.028632, 0.998420
Raw: -39.00, -792.00, 16208.00 | Corrected+Filtered: 0.024938, -0.027826, 0.997274
Raw: -91.00, -825.00, 16630.00 | Corrected+Filtered: 0.024777, -0.027395, 0.999660
Raw: -135.00, -802.00, 16366.00 | Corrected+Filtered: 0.024615, -0.027289, 0.999451
Raw: -20.00, -878.00, 16346.00 | Corrected+Filtered: 0.025459, -0.027745, 0.999695
Raw: -77.00, -829.00, 16491.00 | Corrected+Filtered: 0.025162, -0.028281, 0.999631
Raw: -90.00, -865.00, 16617.00 | Corrected+Filtered: 0.024794, -0.027929, 1.000165
Raw: -55.00, -793.00, 16401.00 | Corrected+Filtered: 0.025320, -0.028146, 0.999627
Raw: -6.00, -795.00, 16409.00 | Corrected+Filtered: 0.025225, -0.027850, 1.000076
Raw: -44.00, -939.00, 16424.00 | Corrected+Filtered: 0.025455, -0.028706, 0.999770
Raw: 31.00, -775.00, 16289.00 | Corrected+Filtered: 0.026443, -0.028075, 0.999290
Raw: -3.00, -879.00, 16230.00 | Corrected+Filtered: 0.026685, -0.028615, 0.999418
Raw: -11.00, -828.00, 16397.00 | Corrected+Filtered: 0.027133, -0.028684, 0.998011
Raw: 35.00, -862.00, 16459.00 | Corrected+Filtered: 0.028196, -0.029079, 0.998598
Raw: 41.00, -911.00, 16366.00 | Corrected+Filtered: 0.028578, -0.029293, 0.998726
Raw: -80.00, -903.00, 16374.00 | Corrected+Filtered: 0.028557, -0.029763, 0.998002
Raw: -95.00, -923.00, 16402.00 | Corrected+Filtered: 0.028504, -0.030148, 0.996683
Raw: -27.00, -931.00, 16309.00 | Corrected+Filtered: 0.028690, -0.031016, 0.996108
Raw: 62.00, -901.00, 16181.00 | Corrected+Filtered: 0.029089, -0.031714, 0.994715
Raw: 47.00, -856.00, 16563.00 | Corrected+Filtered: 0.029647, -0.031206, 0.995589
Raw: 7.00, -871.00, 16361.00 | Corrected+Filtered: 0.029535, -0.031780, 0.996010
Raw: 74.00, -884.00, 16508.00 | Corrected+Filtered: 0.030052, -0.031790, 0.997717
Raw: -43.00, -861.00, 16405.00 | Corrected+Filtered: 0.029866, -0.031984, 0.997756
Raw: -111.00, -902.00, 16163.00 | Corrected+Filtered: 0.028937, -0.032238, 0.995922
Raw: 222.00, -848.00, 16308.00 | Corrected+Filtered: 0.030014, -0.031900, 0.995607
Raw: 58.00, -982.00, 16477.00 | Corrected+Filtered: 0.030888, -0.032403, 0.996247
Raw: -28.00, -875.00, 16490.00 | Corrected+Filtered: 0.031300, -0.032111, 0.996802
Raw: -62.00, -919.00, 16297.00 | Corrected+Filtered: 0.031082, -0.032031, 0.996724
Raw: 62.00, -895.00, 16415.00 | Corrected+Filtered: 0.031120, -0.031962, 0.998151
Raw: -5.00, -995.00, 16296.00 | Corrected+Filtered: 0.030791, -0.032841, 0.996496
Raw: 41.00, -962.00, 16617.00 | Corrected+Filtered: 0.031062, -0.033373, 0.998049
Raw: 68.00, -887.00, 16488.00 | Corrected+Filtered: 0.031022, -0.033393, 0.997926
Raw: 4.00, -952.00, 16439.00 | Corrected+Filtered: 0.031335, -0.033958, 0.998128
Raw: 77.00, -930.00, 16368.00 | Corrected+Filtered: 0.032519, -0.034145, 0.999406
Raw: -37.00, -1004.00, 16250.00 | Corrected+Filtered: 0.030970, -0.035052, 0.998987
