mx,my,mz
-0.568,0.411,-0.567
-0.568,0.411,-0.567
-0.575,0.412,-0.565
-0.578,0.415,-0.558
-0.585,0.412,-0.54
-0.585,0.412,-0.531
-0.586,0.419,-0.531
-0.593,0.419,-0.526
-0.592,0.423,-0.517
-0.588,0.432,-0.522
-0.588,0.432,-0.522
-0.595,0.435,-0.525
-0.588,0.438,-0.52
-0.595,0.446,-0.527
-0.59,0.444,-0.519
-0.59,0.444,-0.519
-0.593,0.445,-0.52
-0.593,0.448,-0.523
-0.595,0.45,-0.521
-0.594,0.454,-0.517
-0.594,0.454,-0.517
-0.598,0.458,-0.511
-0.598,0.464,-0.503
-0.595,0.469,-0.503
-0.595,0.474,-0.502
-0.595,0.474,-0.502
-0.603,0.478,-0.499
-0.602,0.478,-0.493
-0.602,0.485,-0.495
-0.602,0.485,-0.495
-0.603,0.49,-0.499
-0.603,0.489,-0.497
-0.604,0.495,-0.493
-0.601,0.499,-0.496
-0.601,0.499,-0.496
-0.598,0.507,-0.491
-0.604,0.506,-0.482
-0.605,0.511,-0.482
-0.611,0.514,-0.473
-0.611,0.514,-0.473
-0.606,0.509,-0.467
-0.607,0.512,-0.467
-0.613,0.514,-0.462
-0.611,0.516,-0.46
-0.611,0.516,-0.46
-0.608,0.521,-0.451
-0.607,0.528,-0.45
-0.608,0.529,-0.454
-0.608,0.529,-0.454
-0.61,0.535,-0.448
-0.608,0.54,-0.441
-0.612,0.548,-0.431
-0.613,0.551,-0.413
-0.613,0.551,-0.413
-0.617,0.561,-0.389
-0.614,0.561,-0.366
-0.609,0.565,-0.331
-0.606,0.57,-0.295
-0.606,0.57,-0.295
-0.594,0.576,-0.268
-0.585,0.585,-0.248
-0.573,0.585,-0.22
-0.557,0.579,-0.196
-0.557,0.579,-0.196
-0.533,0.574,-0.17
-0.516,0.577,-0.144
-0.491,0.579,-0.124
-0.491,0.579,-0.124
-0.467,0.582,-0.116
-0.442,0.584,-0.105
-0.417,0.587,-0.088
-0.395,0.596,-0.08
-0.395,0.596,-0.08
-0.371,0.599,-0.079
-0.341,0.61,-0.082
-0.319,0.614,-0.074
-0.297,0.624,-0.071
-0.297,0.624,-0.071
-0.275,0.628,-0.077
-0.252,0.635,-0.079
-0.23,0.645,-0.079
-0.205,0.651,-0.088
-0.205,0.651,-0.088
-0.179,0.659,-0.104
-0.158,0.664,-0.112
-0.143,0.671,-0.121
-0.143,0.671,-0.131
-0.127,0.676,-0.131
-0.111,0.684,-0.137
-0.097,0.688,-0.154
-0.092,0.692,-0.166
-0.092,0.692,-0.166
-0.076,0.71,-0.188
-0.065,0.712,-0.2
-0.051,0.721,-0.222
-0.04,0.724,-0.239
-0.04,0.724,-0.239
-0.032,0.724,-0.24
-0.029,0.725,-0.254
-0.022,0.727,-0.261
-0.015,0.727,-0.284
-0.015,0.727,-0.284
-0.002,0.734,-0.295
0.009,0.723,-0.293
0.013,0.712,-0.281
0.013,0.712,-0.281
0.015,0.712,-0.281
0.019,0.711,-0.275
0.023,0.712,-0.27
0.027,0.708,-0.259
0.027,0.708,-0.259
0.028,0.705,-0.251
0.02,0.703,-0.244
0.02,0.7,-0.238
0.014,0.702,-0.243
0.014,0.702,-0.243
0.01,0.705,-0.248
0.012,0.705,-0.245
0.016,0.701,-0.241
0.013,0.703,-0.239
0.013,0.703,-0.239
0.01,0.706,-0.235
0.01,0.702,-0.225
0.004,0.698,-0.22
0.004,0.703,-0.208
-0.002,0.703,-0.208
-0.01,0.697,-0.191
-0.017,0.696,-0.181
-0.028,0.692,-0.173
-0.028,0.692,-0.173
-0.039,0.693,-0.155
-0.055,0.69,-0.146
-0.072,0.687,-0.132
-0.085,0.679,-0.112
-0.085,0.679,-0.112
-0.106,0.669,-0.103
-0.132,0.663,-0.084
-0.158,0.651,-0.07
-0.183,0.641,-0.06
-0.183,0.641,-0.06
-0.206,0.631,-0.049
-0.233,0.622,-0.042
-0.255,0.612,-0.04
-0.278,0.603,-0.027
-0.278,0.603,-0.027
-0.305,0.591,-0.029
-0.328,0.582,-0.027
-0.361,0.576,-0.029
-0.361,0.576,-0.029
-0.391,0.564,-0.037
-0.418,0.554,-0.043
-0.452,0.545,-0.054
-0.48,0.536,-0.062
-0.48,0.536,-0.062
-0.514,0.52,-0.083
-0.54,0.509,-0.102
-0.563,0.503,-0.122
-0.581,0.496,-0.139
-0.581,0.496,-0.139
-0.593,0.483,-0.149
-0.612,0.47,-0.169
-0.624,0.459,-0.187
-0.638,0.444,-0.205
-0.638,0.444,-0.205
-0.647,0.437,-0.222
-0.655,0.429,-0.242
-0.657,0.427,-0.26
-0.657,0.427,-0.26
-0.664,0.429,-0.279
-0.668,0.427,-0.285
-0.669,0.419,-0.297
-0.67,0.413,-0.32
-0.67,0.413,-0.32
-0.671,0.411,-0.343
-0.673,0.411,-0.362
-0.667,0.413,-0.378
-0.669,0.418,-0.396
-0.669,0.418,-0.396
-0.659,0.426,-0.409
-0.657,0.444,-0.412
-0.642,0.431,-0.419
-0.632,0.422,-0.428
-0.632,0.422,-0.428
-0.632,0.417,-0.454
-0.631,0.415,-0.464
-0.627,0.416,-0.48
-0.627,0.416,-0.48
-0.628,0.415,-0.484
-0.618,0.421,-0.49
-0.614,0.421,-0.502
-0.61,0.424,-0.507
-0.61,0.424,-0.507
-0.61,0.428,-0.509
-0.608,0.425,-0.503
-0.612,0.424,-0.501
-0.605,0.426,-0.499
-0.605,0.426,-0.499
-0.613,0.425,-0.496
-0.609,0.426,-0.497
-0.609,0.427,-0.49
-0.614,0.43,-0.485
-0.614,0.43,-0.485
-0.615,0.43,-0.479
-0.615,0.431,-0.47
-0.618,0.43,-0.467
-0.618,0.43,-0.462
-0.621,0.435,-0.462
-0.625,0.435,-0.456
-0.624,0.44,-0.445
-0.63,0.442,-0.431
-0.63,0.442,-0.431
-0.632,0.434,-0.412
-0.632,0.432,-0.399
-0.635,0.429,-0.381
-0.635,0.426,-0.368
-0.635,0.426,-0.368
-0.632,0.43,-0.348
-0.631,0.436,-0.325
-0.627,0.443,-0.305
-0.625,0.452,-0.28
-0.625,0.452,-0.28
-0.616,0.458,-0.261
-0.608,0.475,-0.237
-0.594,0.483,-0.224
-0.594,0.483,-0.198
-0.582,0.494,-0.198
-0.566,0.504,-0.171
-0.542,0.517,-0.147
-0.516,0.523,-0.127
-0.516,0.523,-0.127
-0.493,0.531,-0.11
-0.469,0.539,-0.092
-0.448,0.548,-0.083
-0.435,0.556,-0.085
-0.435,0.556,-0.085
-0.416,0.567,-0.08
-0.404,0.574,-0.08
-0.394,0.577,-0.074
-0.386,0.581,-0.069
-0.386,0.581,-0.069
-0.373,0.58,-0.067
-0.356,0.58,-0.063
-0.34,0.581,-0.061
-0.34,0.58,-0.057
-0.327,0.58,-0.057
-0.308,0.581,-0.057
-0.291,0.588,-0.058
-0.271,0.592,-0.055
-0.271,0.592,-0.055
-0.247,0.6,-0.056
-0.227,0.607,-0.069
-0.207,0.616,-0.075
-0.184,0.626,-0.084
-0.184,0.626,-0.084
-0.163,0.639,-0.096
-0.143,0.646,-0.106
-0.12,0.658,-0.117
-0.104,0.665,-0.132
-0.104,0.665,-0.132
-0.085,0.667,-0.153
-0.08,0.686,-0.164
-0.065,0.69,-0.178
-0.054,0.693,-0.196
-0.054,0.693,-0.196
-0.042,0.689,-0.199
-0.032,0.691,-0.207
-0.029,0.696,-0.212
-0.029,0.696,-0.212
-0.026,0.701,-0.221
-0.026,0.707,-0.231
-0.021,0.715,-0.242
-0.025,0.725,-0.259
-0.025,0.725,-0.259
-0.03,0.745,-0.278
-0.04,0.767,-0.31
-0.014,0.738,-0.321
-0.009,0.743,-0.318
-0.009,0.743,-0.318
-0.007,0.734,-0.316
-0.003,0.733,-0.312
-0.002,0.735,-0.318
-0.009,0.736,-0.308
-0.009,0.736,-0.308
-0.008,0.742,-0.313
-0.01,0.742,-0.311
-0.014,0.74,-0.307
-0.014,0.74,-0.307
-0.019,0.745,-0.307
-0.018,0.746,-0.307
-0.021,0.751,-0.303
-0.026,0.751,-0.292
-0.026,0.751,-0.292
-0.031,0.753,-0.299
-0.032,0.753,-0.294
-0.04,0.755,-0.291
-0.042,0.751,-0.284
-0.042,0.751,-0.284
-0.052,0.754,-0.275
-0.056,0.757,-0.27
-0.057,0.757,-0.258
-0.068,0.757,-0.25
-0.068,0.757,-0.25
-0.071,0.757,-0.245
-0.082,0.748,-0.232
-0.089,0.749,-0.221
-0.089,0.749,-0.207
-0.102,0.74,-0.207
-0.111,0.739,-0.197
-0.129,0.741,-0.178
-0.147,0.735,-0.169
-0.147,0.735,-0.169
-0.172,0.731,-0.158
-0.19,0.726,-0.14
-0.207,0.719,-0.134
-0.232,0.71,-0.128
-0.232,0.71,-0.128
-0.252,0.704,-0.121
-0.275,0.691,-0.114
-0.292,0.685,-0.102
-0.31,0.669,-0.1
-0.31,0.669,-0.1
-0.328,0.659,-0.095
-0.343,0.645,-0.083
-0.359,0.633,-0.081
-0.359,0.61,-0.075
-0.374,0.61,-0.075
-0.395,0.585,-0.065
-0.408,0.565,-0.065
-0.43,0.541,-0.064
-0.43,0.541,-0.064
-0.448,0.519,-0.065
-0.468,0.489,-0.07
-0.497,0.469,-0.072
-0.519,0.449,-0.088
-0.519,0.449,-0.088
-0.535,0.432,-0.104
-0.553,0.415,-0.116
-0.572,0.408,-0.131
-0.584,0.396,-0.153
-0.584,0.396,-0.153
-0.601,0.389,-0.165
-0.618,0.383,-0.195
-0.631,0.381,-0.199
-0.636,0.379,-0.214
-0.636,0.379,-0.214
-0.644,0.376,-0.238
-0.65,0.371,-0.25
-0.654,0.372,-0.275
-0.654,0.372,-0.275
-0.66,0.376,-0.289
-0.664,0.378,-0.321
-0.663,0.383,-0.351
-0.666,0.391,-0.379
-0.666,0.391,-0.379
-0.665,0.392,-0.411
-0.66,0.39,-0.429
-0.658,0.394,-0.459
-0.654,0.387,-0.472
-0.654,0.387,-0.472
-0.644,0.392,-0.495
-0.634,0.392,-0.521
-0.622,0.397,-0.54
-0.615,0.395,-0.56
-0.615,0.395,-0.56
-0.599,0.39,-0.581
-0.591,0.383,-0.575
-0.591,0.381,-0.585
-0.591,0.381,-0.585
-0.589,0.376,-0.587
-0.576,0.367,-0.601
-0.572,0.361,-0.61
-0.559,0.358,-0.619
-0.559,0.358,-0.619
-0.551,0.351,-0.624
-0.548,0.344,-0.63
-0.544,0.342,-0.626
-0.54,0.339,-0.626
-0.54,0.339,-0.626
-0.543,0.338,-0.627
-0.543,0.344,-0.627
-0.543,0.347,-0.622
-0.548,0.35,-0.62
-0.548,0.35,-0.62
-0.549,0.352,-0.619
-0.554,0.363,-0.605
-0.557,0.365,-0.609
-0.557,0.365,-0.593
-0.565,0.37,-0.593
-0.569,0.374,-0.59
-0.576,0.386,-0.58
-0.582,0.388,-0.573
-0.582,0.388,-0.573
-0.588,0.394,-0.56
-0.595,0.399,-0.555
-0.597,0.406,-0.542
-0.603,0.409,-0.535
-0.603,0.409,-0.535
-0.608,0.419,-0.524
-0.609,0.422,-0.515
-0.614,0.437,-0.503
-0.617,0.445,-0.5
-0.617,0.445,-0.5
-0.62,0.459,-0.476
-0.628,0.465,-0.469
-0.625,0.475,-0.458
-0.625,0.487,-0.439
-0.632,0.487,-0.439
-0.633,0.494,-0.428
-0.627,0.503,-0.419
-0.621,0.515,-0.402
-0.621,0.515,-0.402
-0.622,0.529,-0.383
-0.618,0.538,-0.368
-0.616,0.547,-0.359
-0.61,0.556,-0.346
-0.61,0.556,-0.346
-0.608,0.571,-0.329
-0.601,0.58,-0.31
-0.588,0.59,-0.295
-0.578,0.599,-0.272
-0.578,0.599,-0.272
-0.571,0.603,-0.261
-0.563,0.604,-0.24
-0.547,0.607,-0.226
-0.538,0.611,-0.212
-0.538,0.611,-0.212
-0.528,0.614,-0.207
-0.518,0.624,-0.198
-0.508,0.628,-0.201
-0.508,0.628,-0.201
-0.506,0.632,-0.193
-0.5,0.638,-0.194
-0.494,0.64,-0.19
-0.49,0.64,-0.186
-0.49,0.64,-0.186
-0.483,0.644,-0.186
-0.475,0.648,-0.181
-0.474,0.654,-0.17
-0.468,0.664,-0.17
-0.468,0.664,-0.17
-0.451,0.671,-0.16
-0.436,0.675,-0.152
-0.412,0.682,-0.151
-0.386,0.688,-0.141
-0.386,0.688,-0.141
-0.361,0.688,-0.131
-0.329,0.69,-0.131
-0.294,0.69,-0.122
-0.294,0.69,-0.126
-0.26,0.693,-0.126
-0.228,0.694,-0.135
-0.197,0.7,-0.143
-0.175,0.702,-0.145
-0.175,0.702,-0.145
-0.148,0.702,-0.16
-0.114,0.7,-0.171
-0.089,0.703,-0.189
-0.068,0.702,-0.205
-0.068,0.702,-0.205
-0.047,0.699,-0.231
-0.027,0.701,-0.249
-0.015,0.698,-0.26
-0.006,0.7,-0.272
-0.006,0.7,-0.272
0.004,0.696,-0.284
0.008,0.698,-0.286
0.013,0.695,-0.29
0.013,0.695,-0.294
0.017,0.695,-0.294
0.014,0.697,-0.294
0.016,0.694,-0.293
0.023,0.69,-0.296
0.023,0.69,-0.296
0.028,0.688,-0.303
0.031,0.681,-0.302
0.042,0.682,-0.303
0.036,0.682,-0.304
0.036,0.682,-0.304
0.036,0.686,-0.295
0.03,0.691,-0.281
0.015,0.691,-0.279
0.007,0.698,-0.271
0.007,0.698,-0.271
-0.004,0.703,-0.267
-0.006,0.703,-0.267
-0.012,0.703,-0.265
-0.012,0.7,-0.268
-0.011,0.7,-0.268
-0.0,0.696,-0.26
0.014,0.688,-0.283
0.029,0.682,-0.287
0.029,0.682,-0.287
0.039,0.672,-0.299
0.057,0.662,-0.314
0.07,0.653,-0.323
0.079,0.637,-0.334
0.079,0.637,-0.334
0.092,0.623,-0.353
0.105,0.612,-0.368
0.116,0.601,-0.382
0.123,0.592,-0.388
0.123,0.592,-0.388
0.125,0.578,-0.394
0.137,0.573,-0.405
0.138,0.558,-0.418
0.14,0.545,-0.414
0.14,0.545,-0.414
0.146,0.54,-0.424
0.145,0.53,-0.432
0.145,0.528,-0.431
0.145,0.528,-0.431
0.15,0.519,-0.437
0.148,0.514,-0.442
0.151,0.515,-0.444
0.151,0.509,-0.448
0.151,0.509,-0.448
0.154,0.501,-0.447
0.155,0.494,-0.45
0.154,0.482,-0.46
0.161,0.472,-0.461
0.161,0.472,-0.461
0.157,0.462,-0.464
0.159,0.452,-0.48
0.153,0.441,-0.482
0.154,0.425,-0.489
0.154,0.425,-0.489
0.15,0.407,-0.496
0.144,0.392,-0.505
0.14,0.373,-0.51
0.14,0.373,-0.51
0.138,0.355,-0.526
0.128,0.333,-0.531
0.12,0.313,-0.537
0.109,0.291,-0.549
0.109,0.291,-0.549
0.1,0.279,-0.556
0.084,0.25,-0.566
0.07,0.232,-0.578
0.056,0.21,-0.58
0.056,0.21,-0.58
0.036,0.19,-0.59
0.018,0.172,-0.594
-0.009,0.159,-0.604
-0.027,0.142,-0.613
-0.027,0.142,-0.613
-0.05,0.128,-0.617
-0.064,0.116,-0.623
-0.084,0.107,-0.614
-0.084,0.107,-0.61
-0.095,0.099,-0.61
-0.103,0.085,-0.608
-0.118,0.075,-0.611
-0.138,0.059,-0.602
-0.138,0.059,-0.602
-0.159,0.043,-0.611
-0.182,0.034,-0.603
-0.205,0.024,-0.591
-0.232,0.008,-0.577
-0.232,0.008,-0.577
-0.262,0.004,-0.566
-0.298,-0.009,-0.557
-0.325,-0.009,-0.539
-0.359,-0.012,-0.525
-0.359,-0.012,-0.525
-0.39,-0.009,-0.512
-0.417,-0.009,-0.506
-0.441,0.006,-0.49
-0.441,0.013,-0.473
-0.467,0.013,-0.473
-0.486,0.023,-0.455
-0.5,0.032,-0.446
-0.515,0.041,-0.434
-0.515,0.041,-0.434
-0.529,0.049,-0.414
-0.549,0.067,-0.415
-0.566,0.084,-0.398
-0.582,0.102,-0.39
-0.582,0.102,-0.39
-0.599,0.127,-0.387
-0.609,0.143,-0.386
-0.612,0.154,-0.393
-0.621,0.168,-0.378
-0.621,0.168,-0.378
-0.622,0.185,-0.375
-0.631,0.191,-0.367
-0.638,0.204,-0.369
-0.637,0.216,-0.36
-0.637,0.216,-0.36
-0.641,0.222,-0.359
-0.639,0.225,-0.363
-0.638,0.226,-0.363
-0.638,0.226,-0.363
-0.641,0.225,-0.346
-0.64,0.224,-0.342
-0.638,0.234,-0.325
-0.642,0.238,-0.319
-0.642,0.238,-0.319
-0.641,0.25,-0.32
-0.643,0.254,-0.314
-0.641,0.254,-0.318
-0.644,0.252,-0.313
-0.644,0.252,-0.313
-0.643,0.257,-0.314
-0.634,0.257,-0.307
-0.635,0.257,-0.304
-0.637,0.262,-0.297
-0.637,0.262,-0.297
-0.637,0.266,-0.291
-0.639,0.267,-0.288
-0.635,0.271,-0.289
-0.635,0.271,-0.289
-0.639,0.28,-0.293
-0.637,0.282,-0.293
-0.64,0.28,-0.304
-0.645,0.285,-0.305
-0.645,0.285,-0.305
-0.648,0.296,-0.314
-0.647,0.306,-0.319
-0.651,0.314,-0.329
-0.653,0.318,-0.332
-0.653,0.318,-0.332
-0.658,0.334,-0.344
-0.661,0.344,-0.344
-0.658,0.357,-0.352
-0.662,0.367,-0.366
-0.662,0.367,-0.366
-0.659,0.371,-0.372
-0.659,0.377,-0.378
-0.658,0.381,-0.381
-0.658,0.381,-0.389
-0.663,0.386,-0.389
-0.655,0.39,-0.391
-0.659,0.398,-0.392
-0.657,0.406,-0.4
-0.657,0.406,-0.4
-0.654,0.413,-0.393
-0.652,0.421,-0.391
-0.651,0.434,-0.4
-0.651,0.442,-0.398
-0.651,0.442,-0.398
-0.649,0.451,-0.4
-0.651,0.457,-0.397
-0.646,0.467,-0.397
-0.648,0.481,-0.389
-0.648,0.481,-0.389
-0.646,0.487,-0.391
-0.642,0.491,-0.393
-0.645,0.495,-0.389
-0.645,0.501,-0.387
-0.642,0.501,-0.387
-0.646,0.505,-0.392
-0.641,0.507,-0.397
-0.641,0.514,-0.404
-0.641,0.514,-0.404
-0.637,0.515,-0.4
-0.635,0.512,-0.409
-0.633,0.513,-0.421
-0.637,0.516,-0.419
-0.637,0.516,-0.419
-0.636,0.515,-0.431
-0.631,0.509,-0.446
-0.634,0.504,-0.449
-0.634,0.495,-0.472
-0.634,0.495,-0.472
-0.628,0.488,-0.491
-0.627,0.481,-0.507
-0.619,0.468,-0.529
-0.604,0.46,-0.553
-0.604,0.46,-0.553
-0.589,0.453,-0.576
-0.576,0.444,-0.6
-0.562,0.431,-0.615
-0.562,0.431,-0.615
-0.544,0.427,-0.641
-0.519,0.418,-0.66
-0.497,0.412,-0.677
-0.471,0.397,-0.696
-0.471,0.397,-0.696
-0.443,0.388,-0.713
-0.402,0.376,-0.728
-0.356,0.374,-0.749
-0.304,0.366,-0.756
-0.304,0.366,-0.756
-0.262,0.369,-0.753
-0.218,0.363,-0.752
-0.177,0.374,-0.746
-0.134,0.377,-0.729
-0.134,0.377,-0.729
-0.102,0.387,-0.726
-0.074,0.401,-0.713
-0.051,0.419,-0.704
-0.051,0.419,-0.704
-0.027,0.448,-0.696
-0.012,0.478,-0.687
-0.002,0.509,-0.664
0.009,0.537,-0.655
0.009,0.537,-0.655
0.01,0.56,-0.636
0.013,0.579,-0.607
0.018,0.593,-0.599
0.029,0.605,-0.587
0.029,0.605,-0.587
0.039,0.604,-0.572
0.051,0.608,-0.548
0.063,0.618,-0.526
0.067,0.619,-0.503
0.067,0.619,-0.503
0.077,0.621,-0.491
0.085,0.629,-0.459
0.089,0.631,-0.436
0.089,0.631,-0.406
0.095,0.639,-0.406
0.086,0.64,-0.38
0.085,0.643,-0.351
0.071,0.651,-0.318
0.071,0.651,-0.318
0.06,0.651,-0.293
0.047,0.658,-0.271
0.034,0.668,-0.257
0.018,0.675,-0.229
0.018,0.675,-0.229
-0.005,0.686,-0.219
-0.028,0.693,-0.209
-0.035,0.698,-0.198
-0.052,0.705,-0.19
-0.052,0.705,-0.19
-0.07,0.705,-0.186
-0.083,0.71,-0.182
-0.096,0.713,-0.167
-0.096,0.717,-0.162
-0.109,0.717,-0.162
-0.121,0.713,-0.157
-0.123,0.712,-0.158
-0.128,0.715,-0.162
-0.128,0.715,-0.162
-0.132,0.723,-0.171
-0.14,0.73,-0.171
-0.15,0.737,-0.179
-0.154,0.745,-0.189
-0.154,0.745,-0.189
-0.154,0.748,-0.193
-0.164,0.75,-0.199
-0.172,0.761,-0.212
-0.191,0.774,-0.223
-0.191,0.774,-0.223
-0.208,0.781,-0.231
-0.231,0.791,-0.241
-0.243,0.792,-0.246
-0.259,0.794,-0.268
-0.259,0.794,-0.268
-0.271,0.798,-0.281
-0.289,0.805,-0.29
-0.299,0.808,-0.313
-0.299,0.808,-0.313
-0.312,0.81,-0.329
-0.315,0.808,-0.341
-0.324,0.807,-0.362
-0.326,0.804,-0.376
-0.326,0.804,-0.376
-0.33,0.804,-0.385
-0.334,0.803,-0.399
-0.341,0.798,-0.407
-0.342,0.799,-0.408
-0.342,0.799,-0.408
-0.348,0.794,-0.42
-0.358,0.798,-0.424
-0.363,0.792,-0.428
-0.374,0.786,-0.435
-0.374,0.786,-0.435
-0.383,0.78,-0.442
-0.392,0.775,-0.444
-0.399,0.77,-0.463
-0.399,0.77,-0.463
-0.404,0.762,-0.471
-0.417,0.751,-0.467
-0.427,0.739,-0.474
-0.441,0.735,-0.488
-0.441,0.735,-0.488
-0.458,0.73,-0.492
-0.469,0.719,-0.49
-0.477,0.709,-0.49
-0.489,0.704,-0.49
-0.489,0.704,-0.49
-0.492,0.705,-0.484
-0.493,0.708,-0.481
-0.489,0.705,-0.483
-0.491,0.709,-0.484
-0.491,0.709,-0.484
-0.492,0.706,-0.486
-0.497,0.703,-0.493
-0.494,0.697,-0.49
-0.494,0.697,-0.5
-0.504,0.69,-0.5
-0.507,0.68,-0.504
-0.515,0.678,-0.507
-0.517,0.67,-0.509
-0.517,0.67,-0.509
-0.516,0.667,-0.518
-0.52,0.658,-0.524
-0.515,0.652,-0.532
-0.527,0.637,-0.545
-0.527,0.637,-0.545
-0.537,0.605,-0.565
-0.539,0.576,-0.581
-0.54,0.545,-0.59
-0.538,0.528,-0.607
-0.538,0.528,-0.607
-0.541,0.505,-0.611
-0.536,0.488,-0.613
-0.532,0.475,-0.624
-0.532,0.464,-0.622
-0.532,0.464,-0.622
-0.526,0.451,-0.629
-0.525,0.44,-0.633
-0.522,0.428,-0.637
-0.522,0.428,-0.637
-0.515,0.41,-0.639
-0.514,0.395,-0.646
-0.498,0.374,-0.655
-0.491,0.35,-0.655
-0.491,0.35,-0.655
-0.477,0.327,-0.664
-0.461,0.298,-0.676
-0.441,0.27,-0.678
-0.419,0.251,-0.688
-0.419,0.251,-0.688
-0.403,0.233,-0.684
-0.38,0.209,-0.687
-0.354,0.186,-0.689
-0.338,0.169,-0.687
-0.338,0.169,-0.687
-0.315,0.146,-0.679
-0.288,0.118,-0.672
-0.259,0.098,-0.668
-0.259,0.098,-0.668
-0.232,0.07,-0.656
-0.207,0.051,-0.641
-0.183,0.03,-0.626
-0.16,0.012,-0.611
-0.16,0.012,-0.611
-0.123,-0.014,-0.588
-0.088,-0.023,-0.558
-0.05,-0.03,-0.527
-0.015,-0.028,-0.499
-0.015,-0.028,-0.499
0.019,-0.017,-0.485
0.04,-0.011,-0.465
0.057,-0.004,-0.456
0.07,0.012,-0.438
0.07,0.012,-0.438
0.086,0.024,-0.418
0.106,0.038,-0.404
0.12,0.061,-0.384
0.12,0.061,-0.384
0.131,0.081,-0.359
0.138,0.098,-0.333
0.143,0.115,-0.319
0.147,0.136,-0.3
0.147,0.136,-0.3
0.148,0.152,-0.283
0.145,0.168,-0.269
0.145,0.184,-0.256
0.149,0.195,-0.251
0.149,0.195,-0.251
0.148,0.211,-0.232
0.145,0.228,-0.219
0.139,0.244,-0.207
0.135,0.261,-0.189
0.135,0.261,-0.189
0.132,0.278,-0.184
0.132,0.291,-0.174
0.12,0.304,-0.162
0.12,0.304,-0.154
0.115,0.322,-0.154
0.105,0.336,-0.145
0.101,0.351,-0.134
0.096,0.368,-0.131
0.096,0.368,-0.131
0.087,0.379,-0.124
0.082,0.389,-0.116
0.077,0.396,-0.115
0.072,0.409,-0.106
0.072,0.409,-0.106
0.061,0.42,-0.099
0.053,0.441,-0.094
0.031,0.464,-0.087
0.009,0.495,-0.079
0.009,0.495,-0.079
-0.021,0.522,-0.068
-0.042,0.55,-0.065
-0.063,0.568,-0.076
-0.063,0.581,-0.073
-0.075,0.581,-0.073
-0.082,0.59,-0.075
-0.089,0.59,-0.084
-0.087,0.599,-0.082
-0.087,0.599,-0.082
-0.083,0.605,-0.083
-0.079,0.606,-0.091
-0.075,0.616,-0.097
-0.078,0.62,-0.097
-0.078,0.62,-0.097
-0.076,0.633,-0.101
-0.08,0.635,-0.103
-0.079,0.639,-0.112
-0.07,0.647,-0.127
-0.07,0.647,-0.127
-0.066,0.646,-0.136
-0.052,0.651,-0.147
-0.044,0.659,-0.165
-0.044,0.668,-0.181
-0.035,0.668,-0.181
-0.027,0.678,-0.194
-0.023,0.686,-0.214
-0.023,0.693,-0.235
-0.023,0.693,-0.235
-0.021,0.697,-0.243
-0.016,0.7,-0.247
-0.014,0.704,-0.249
-0.012,0.706,-0.261
-0.012,0.706,-0.261
-0.009,0.704,-0.269
-0.008,0.704,-0.269
-0.005,0.703,-0.264
-0.007,0.703,-0.267
-0.007,0.703,-0.267
-0.002,0.705,-0.269
-0.009,0.706,-0.27
-0.001,0.705,-0.277
-0.002,0.705,-0.281
-0.002,0.705,-0.281
-0.005,0.708,-0.283
-0.015,0.709,-0.286
-0.013,0.713,-0.285
-0.013,0.713,-0.285
-0.014,0.711,-0.285
-0.015,0.712,-0.29
-0.015,0.716,-0.297
-0.022,0.719,-0.294
-0.022,0.719,-0.294
-0.024,0.723,-0.295
-0.027,0.732,-0.3
-0.032,0.73,-0.31
-0.031,0.737,-0.309
-0.031,0.737,-0.309
-0.035,0.737,-0.314
-0.036,0.736,-0.313
-0.036,0.739,-0.31
-0.04,0.738,-0.321
-0.04,0.738,-0.321
-0.034,0.738,-0.32
-0.033,0.732,-0.319
-0.027,0.731,-0.318
-0.027,0.731,-0.314
-0.022,0.726,-0.314
-0.019,0.719,-0.315
-0.016,0.718,-0.316
-0.007,0.713,-0.311
-0.007,0.713,-0.311
0.006,0.708,-0.311
0.016,0.697,-0.311
0.026,0.682,-0.309
0.042,0.668,-0.3
0.042,0.668,-0.3
0.062,0.644,-0.29
0.08,0.616,-0.293
0.095,0.596,-0.286
0.115,0.569,-0.288
0.115,0.569,-0.288
0.127,0.543,-0.286
0.135,0.524,-0.291
0.141,0.507,-0.289
0.141,0.507,-0.295
0.149,0.493,-0.295
0.16,0.471,-0.311
0.163,0.451,-0.313
0.169,0.424,-0.322
0.169,0.424,-0.322
0.171,0.401,-0.323
0.169,0.37,-0.331
0.17,0.354,-0.342
0.167,0.334,-0.343
0.167,0.334,-0.343
0.166,0.316,-0.35
0.16,0.292,-0.352
0.157,0.272,-0.362
0.154,0.256,-0.373
0.154,0.256,-0.373
0.144,0.238,-0.38
0.143,0.22,-0.398
0.129,0.201,-0.402
0.129,0.185,-0.42
0.12,0.185,-0.42
0.106,0.167,-0.44
0.094,0.145,-0.446
0.077,0.133,-0.461
0.077,0.133,-0.461
0.06,0.115,-0.46
0.044,0.095,-0.473
0.031,0.08,-0.485
