-0.004135, -0.064610, 1.020725
0.003719, -0.064696, 1.025748
0.023925, -0.044983, 1.041151
0.022010, -0.014838, 0.990258
-0.031339, 0.021426, 0.941138
0.009467, 0.037672, 0.895076
0.039631, 0.007719, 0.914455
0.033745, -0.006032, 0.912769
0.043634, -0.023270, 0.918933
0.042779, -0.023667, 0.918681
0.044478, -0.010097, 0.890582
0.036296, -0.010356, 0.884187
0.015908, -0.029591, 0.867303
0.017642, -0.060428, 0.917726
0.071587, -0.096537, 0.967069
0.030545, -0.113012, 1.013313
0.000719, -0.083461, 0.994779
0.007154, -0.069631, 0.998532
-0.003100, -0.051851, 0.992785
-0.002461, -0.051503, 0.992233
-0.003067, -0.051355, 0.991926
-0.002649, -0.051387, 0.993533
-0.002883, -0.050807, 0.993321
-0.002579, -0.050411, 0.993405
-0.002542, -0.050251, 0.993658
-0.002209, -0.050647, 0.994613
-0.002494, -0.050493, 0.994922
-0.002560, -0.050577, 0.993048
-0.003606, -0.050998, 0.991902
-0.004374, -0.050709, 0.992175
-0.004102, -0.050635, 0.992344
-0.004110, -0.050385, 0.990174
-0.004088, -0.051350, 0.991033
-0.003888, -0.051447, 0.989612
-0.004024, -0.051539, 0.989353
-0.004195, -0.050933, 0.988403
-0.003857, -0.051483, 0.989413
-0.003916, -0.051258, 0.991982
-0.004181, -0.049585, 0.992415
-0.002050, -0.050359, 0.992044
-0.002117, -0.050500, 0.990914
-0.002112, -0.050909, 0.991809
-0.002028, -0.050116, 0.989789
-0.001800, -0.049586, 0.991741
-0.002389, -0.049655, 0.991439
-0.002198, -0.050039, 0.992268
-0.001917, -0.049530, 0.990707
-0.001802, -0.049145, 0.988966
-0.001397, -0.050899, 0.989844
-0.003045, -0.050094, 0.990565
-0.003171, -0.049861, 0.992100
-0.003363, -0.049250, 0.992855
-0.004500, -0.048995, 0.995032
-0.005077, -0.049120, 0.995637
-0.005009, -0.048762, 0.995939
-0.005288, -0.048770, 0.996447
-0.005735, -0.048432, 0.997306
-0.005588, -0.048784, 0.997850
-0.006591, -0.048736, 0.997525
-0.006863, -0.048576, 0.997368
-0.006471, -0.048771, 0.996310
-0.005775, -0.048769, 0.995003
-0.004747, -0.049489, 0.994471
-0.004069, -0.049813, 0.992185
-0.010310, -0.044287, 0.991318
-0.010402, -0.049375, 0.989360
-0.006604, -0.047414, 0.986928
-0.007987, -0.047615, 0.987964
-0.004022, -0.048225, 0.991579
-0.004227, -0.048003, 0.992250
-0.004899, -0.050172, 0.991691
-0.005738, -0.050669, 0.992957
-0.006072, -0.050144, 0.992666
-0.007523, -0.050203, 0.993702
-0.000793, -0.056512, 0.994334
-0.001428, -0.058229, 0.998525
-0.005493, -0.060574, 1.000982
-0.004585, -0.060557, 0.998521
-0.007759, -0.061356, 0.990911
-0.007380, -0.058954, 0.992249
0.002591, -0.053825, 0.988095
-0.008516, -0.069603, 0.995406
-0.015753, -0.070648, 1.002405
-0.005188, -0.079485, 1.009066
-0.008082, -0.070581, 1.018888
-0.023590, -0.066763, 0.998030
-0.020439, -0.074695, 0.991827
-0.027110, -0.072345, 0.996778
-0.025789, -0.068543, 0.995786
-0.027550, -0.072595, 0.992880
-0.039409, -0.076856, 0.997206
-0.030114, -0.062126, 0.990418
-0.024546, -0.062498, 0.983230
-0.035838, -0.056083, 0.976113
-0.034891, -0.065503, 0.966694
-0.020730, -0.063029, 0.983352
-0.025195, -0.055921, 0.988887
-0.019904, -0.059281, 0.985408
-0.023032, -0.062374, 0.990438
-0.023034, -0.061814, 0.992058
-0.022824, -0.061345, 0.993102
-0.022767, -0.061190, 0.992510
-0.022689, -0.060963, 0.994166
-0.023057, -0.058907, 0.993874
-0.023012, -0.058454, 0.992991
-0.022766, -0.058283, 0.994767
-0.023782, -0.057909, 0.995342
-0.023627, -0.057500, 0.995088
-0.023827, -0.057276, 0.992978
-0.023474, -0.058120, 0.991776
-0.023305, -0.057749, 0.991425
-0.023069, -0.057766, 0.990596
-0.023297, -0.057636, 0.989751
-0.022519, -0.057878, 0.991545
-0.022501, -0.057804, 0.992209
-0.022538, -0.058001, 0.991817
-0.021826, -0.057865, 0.992142
-0.021784, -0.057459, 0.993592
-0.021972, -0.056942, 0.995514
-0.022393, -0.056789, 0.995436
-0.022530, -0.057474, 0.995122
-0.022240, -0.057227, 0.995932
-0.022250, -0.056751, 0.995266
-0.022385, -0.056219, 0.994710
-0.021650, -0.055142, 0.993166
-0.021889, -0.054900, 0.992078
-0.021851, -0.054917, 0.990984
-0.021984, -0.055014, 0.989111
-0.021632, -0.055168, 0.989371
-0.021514, -0.054687, 0.989974
-0.021561, -0.054584, 0.992150
-0.022557, -0.053993, 0.991855
-0.022427, -0.054443, 0.991746
-0.022489, -0.054943, 0.991046
-0.023267, -0.056280, 0.992288
-0.022923, -0.056460, 0.994040
-0.022887, -0.056961, 0.994288
-0.023249, -0.056790, 0.995860
-0.023052, -0.057920, 0.995740
-0.022884, -0.058308, 0.994918
-0.022174, -0.057928, 0.992602
-0.021529, -0.058222, 0.991918
-0.021765, -0.057878, 0.993012
-0.022316, -0.057873, 0.992832
-0.022709, -0.058091, 0.993908
-0.022955, -0.058331, 0.992906
-0.022616, -0.057973, 0.994096
-0.022530, -0.058628, 0.993691
-0.022871, -0.058240, 0.994380
-0.023089, -0.057457, 0.995897
-0.023673, -0.057916, 0.996865
-0.005229, -0.044270, 0.994472
-0.003948, -0.044264, 0.995957
-0.003702, -0.044462, 0.996918
-0.002377, -0.045245, 0.996820
-0.004068, -0.045518, 0.996224
-0.004496, -0.046229, 0.995730
-0.004381, -0.046769, 0.992775
-0.004790, -0.045610, 0.994037
-0.004378, -0.045895, 0.995469
-0.003589, -0.045751, 0.994719
-0.003639, -0.046454, 0.993668
-0.003792, -0.046971, 0.991855
-0.003542, -0.046975, 0.990894
-0.003047, -0.046456, 0.991425
-0.001010, -0.046159, 0.993204
-0.000417, -0.046128, 0.994406
-0.001437, -0.046490, 0.996155
-0.000950, -0.046616, 0.993912
-0.001242, -0.046506, 0.994444
-0.001386, -0.046785, 0.995182
-0.001187, -0.046241, 0.994879
-0.000358, -0.046186, 0.996105
-0.000697, -0.045957, 0.995422
-0.000999, -0.045432, 0.994896
-0.001845, -0.045868, 0.992160
-0.002562, -0.044801, 0.992178
-0.000096, -0.045013, 0.992144
-0.000515, -0.045745, 0.993826
-0.000395, -0.045743, 0.992272
-0.000480, -0.046451, 0.990617
-0.005534, -0.048533, 0.999633
-0.006629, -0.048392, 0.998812
-0.005972, -0.047940, 0.999076
-0.005565, -0.049094, 0.998817
-0.004909, -0.048718, 1.000013
-0.004073, -0.049018, 0.999444
-0.005538, -0.048069, 0.998738
-0.006981, -0.047293, 0.998932
-0.006907, -0.046528, 0.999983
-0.006611, -0.045998, 1.001487
-0.001787, -0.044491, 0.991989
-0.001511, -0.044426, 0.989879
-0.002224, -0.044810, 0.989651
-0.003251, -0.043768, 0.990310
-0.003889, -0.043244, 0.990479
-0.003810, -0.043387, 0.991428
-0.003576, -0.043888, 0.992160
-0.001585, -0.044334, 0.990096
-0.002882, -0.045077, 0.990468
-0.003184, -0.044805, 0.989549
-0.002551, -0.044143, 0.989934
-0.002407, -0.044165, 0.992654
-0.002255, -0.042922, 0.991921
-0.001689, -0.042852, 0.990379
-0.001136, -0.043615, 0.988868
-0.001066, -0.043305, 0.987979
-0.001138, -0.042773, 0.987036
-0.001743, -0.042678, 0.989835
-0.000646, -0.042880, 0.989259
-0.002177, -0.043283, 0.989280
-0.002761, -0.043736, 0.989614
-0.003003, -0.043730, 0.989886
-0.002647, -0.044843, 0.991120
-0.002596, -0.046957, 0.992222
-0.002696, -0.046310, 0.993322
-0.002951, -0.047119, 0.992809
-0.003603, -0.047047, 0.993941
-0.003514, -0.046897, 0.993058
-0.003567, -0.046760, 0.991317
-0.002640, -0.047513, 0.992108
-0.004169, -0.047298, 0.991119
-0.003838, -0.047203, 0.989765
-0.004530, -0.046715, 0.989058
-0.004460, -0.045189, 0.988850
-0.004405, -0.045141, 0.989969
-0.006080, -0.044547, 0.991977
-0.005208, -0.045361, 0.991880
-0.004402, -0.045569, 0.991565
-0.004084, -0.045720, 0.994079
-0.003362, -0.044785, 0.993025
-0.001977, -0.044605, 0.994769
-0.000511, -0.044537, 0.996423
0.000875, -0.045153, 0.997147
0.000625, -0.045507, 0.998490
0.000273, -0.045797, 0.997179
0.001731, -0.046188, 0.995479
0.001076, -0.045540, 0.994929
0.000393, -0.045165, 0.996320
0.000264, -0.045048, 0.995655
0.000318, -0.045443, 0.996230
0.000406, -0.046016, 0.994635
-0.000593, -0.045755, 0.992194
-0.001615, -0.045757, 0.991978
-0.001645, -0.045188, 0.991772
-0.001681, -0.045218, 0.990829
-0.001772, -0.045118, 0.989989
-0.001490, -0.046804, 0.990081
-0.001151, -0.046664, 0.986943
-0.001784, -0.046419, 0.987978
-0.001745, -0.046141, 0.987415
-0.001343, -0.046190, 0.987560
-0.002263, -0.046477, 0.989538
-0.002133, -0.046502, 0.989241
-0.003457, -0.046737, 0.987769
-0.003936, -0.047517, 0.988429
-0.003877, -0.047482, 0.990593
-0.003738, -0.046060, 0.990126
-0.004590, -0.046410, 0.992056
-0.003662, -0.047471, 0.991795
-0.004239, -0.047256, 0.992545
-0.004284, -0.047208, 0.993797
-0.003418, -0.047856, 0.993802
-0.003245, -0.047763, 0.994406
-0.001769, -0.047489, 0.993763
-0.002650, -0.046923, 0.994719
-0.002393, -0.046957, 0.992833
-0.002381, -0.047303, 0.992700
-0.001742, -0.047092, 0.992729
-0.001914, -0.046283, 0.992589
-0.001513, -0.047073, 0.992783
-0.002222, -0.046393, 0.990940
-0.002888, -0.046163, 0.989387
-0.003229, -0.046423, 0.989037
-0.002829, -0.046418, 0.991025
-0.001372, -0.046101, 0.990606
-0.003147, -0.046642, 0.991824
-0.002844, -0.046210, 0.992609
-0.003179, -0.046372, 0.993147
-0.003624, -0.046070, 0.992894
-0.003717, -0.045662, 0.993033
-0.003310, -0.045417, 0.994760
-0.002785, -0.045540, 0.995769
-0.002268, -0.044791, 0.994830
-0.002311, -0.045086, 0.993755
-0.002088, -0.044969, 0.994196
-0.000862, -0.044196, 0.995130
-0.001494, -0.044105, 0.995614
-0.001711, -0.044210, 0.995524
-0.000814, -0.044784, 0.995663
-0.001249, -0.044884, 0.996370
-0.001352, -0.045623, 0.994534
-0.001772, -0.044907, 0.994280
-0.001646, -0.045539, 0.995949
-0.001893, -0.045045, 0.996136
-0.002000, -0.045306, 0.997115
-0.001676, -0.045699, 0.995520
-0.001762, -0.045569, 0.995072
0.000118, -0.045428, 0.993534
-0.002277, -0.042020, 0.991310
-0.001502, -0.041691, 0.991121
-0.000810, -0.041771, 0.992250
0.001721, -0.038040, 0.989867
0.000061, -0.044858, 0.986275
-0.000188, -0.045229, 0.986741
0.000276, -0.045266, 0.987254
0.000096, -0.044792, 0.988082
0.000268, -0.044848, 0.988849
-0.001419, -0.045025, 0.990121
-0.000919, -0.047924, 0.992239
0.011853, -0.035349, 0.995162
0.011740, -0.036510, 0.994867
0.006853, -0.038785, 1.000341
0.010662, -0.032125, 1.004014
0.012529, -0.032595, 1.001867
0.013520, -0.031429, 0.999579
0.013024, -0.031523, 0.999562
0.015103, -0.032058, 1.000919
0.010998, -0.019079, 0.999950
0.011782, -0.017793, 0.999294
-0.004655, -0.035606, 0.996915
-0.006316, -0.024255, 0.997019
-0.003515, -0.022579, 0.994172
-0.004767, -0.022538, 0.994422
-0.006987, -0.022346, 0.996057
-0.008774, -0.024171, 0.996013
-0.008396, -0.024831, 0.995246
-0.010561, -0.024893, 0.992499
-0.006813, -0.038270, 0.995398
-0.008572, -0.043694, 0.993503
-0.003700, -0.036494, 0.991620
-0.001472, -0.044991, 0.992164
-0.002916, -0.048570, 0.992732
-0.006075, -0.050210, 0.990944
-0.006759, -0.051773, 0.990530
-0.007391, -0.055741, 0.990964
-0.003900, -0.056688, 0.992066
-0.008562, -0.053601, 0.993031
-0.008317, -0.053759, 0.990866
-0.005816, -0.050037, 0.991620
-0.007605, -0.052802, 0.992194
-0.007623, -0.051598, 0.992646
-0.008426, -0.051554, 0.991045
-0.006505, -0.050681, 0.992154
0.000820, -0.048669, 0.992564
-0.015058, -0.038642, 0.986012
-0.021772, -0.043347, 0.975250
-0.017953, -0.045954, 0.975344
-0.016304, -0.046155, 0.974508
-0.016699, -0.046615, 0.976770
-0.016799, -0.046548, 0.977610
-0.017663, -0.049106, 0.977106
-0.016111, -0.049261, 0.979117
-0.016667, -0.048643, 0.978670
-0.022351, -0.049524, 0.979398
-0.006171, -0.055376, 0.987215
-0.003092, -0.050287, 0.997316
-0.002242, -0.050685, 0.995726
-0.003792, -0.050158, 0.997075
-0.002211, -0.049877, 0.996795
-0.001521, -0.049208, 0.995675
-0.02016044, -0.05487443, 0.99284363
-0.01999060, -0.05372289, 0.99327308
-0.01984624, -0.05288216, 0.99336928
-0.01972948, -0.05252380, 0.99338591
-0.01964918, -0.05208384, 0.99351209
-0.01963905, -0.05185776, 0.99346232
-0.01968343, -0.05147108, 0.99358749
-0.01961996, -0.05109002, 0.99347776
-0.02011948, -0.05290895, 0.99355274
-0.02055424, -0.05444318, 0.99331880
-0.02086674, -0.05567143, 0.99317753
-0.02108800, -0.05656442, 0.99299282
-0.02120293, -0.05718134, 0.99310446
-0.02137346, -0.05760308, 0.99295413
-0.02147801, -0.05803267, 0.99283963
-0.02111110, -0.05841244, 0.99290735
-0.02079484, -0.05901460, 0.99265826
-0.02069276, -0.05958753, 0.99224985
-0.02055261, -0.05949358, 0.99223685
-0.02039500, -0.05936986, 0.99222887
-0.01999680, -0.05909221, 0.99221748
-0.01972174, -0.05892831, 0.99250150
-0.01948738, -0.05879354, 0.99263853
-0.01911980, -0.05861600, 0.99235606
-0.01882568, -0.05846246, 0.99167633
-0.01908509, -0.05837978, 0.99141282
-0.02114893, -0.05876231, 0.99067020
-0.02249801, -0.05915635, 0.99009871
-0.02617957, -0.05946151, 0.99109799
-0.03205578, -0.05652958, 0.98555005
-0.02471076, -0.05846283, 0.98106891
-0.01868463, -0.06029042, 0.98679006
-0.01535226, -0.06076963, 0.98933822
-0.01043194, -0.06004171, 0.99057257
-0.00777715, -0.06045282, 0.98978919
-0.00366672, -0.06054553, 0.99036193
0.00029869, -0.05902613, 0.99490625
0.00147123, -0.05778469, 0.99675566
-0.00358525, -0.05404435, 0.98240268
-0.00000585, -0.05362741, 0.98025995
-0.01131290, -0.05445393, 0.99666125
-0.01665652, -0.05460778, 0.99924117
-0.01902011, -0.05531407, 1.00169897
-0.02314152, -0.05569124, 1.00329530
-0.02488952, -0.05417141, 1.00660038
-0.02757990, -0.05250530, 1.00754118
-0.02859554, -0.05152017, 1.00426376
-0.02744719, -0.05044623, 1.00342631
-0.01576421, -0.05244530, 1.01971567
-0.01060651, -0.05549944, 1.02973652
-0.00585956, -0.05540965, 1.02042687
-0.00857868, -0.05417896, 1.02648568
-0.00549657, -0.04559250, 1.03333104
-0.00355262, -0.04168794, 1.03866327
-0.00207124, -0.03962061, 1.04240561
-0.00116310, -0.03866258, 1.04498422
-0.00031906, -0.03850571, 1.04710174
0.00052761, -0.03839777, 1.04885268
-0.00055759, -0.03828847, 1.04742086
-0.00144051, -0.03725622, 1.04659033
-0.00059310, -0.03331441, 1.04567957
0.00299392, -0.03099584, 1.03265035
-0.00037956, -0.03748905, 1.02077365
-0.00250769, -0.04366748, 1.01334262
-0.00004848, -0.04433038, 1.01060808
0.00579090, -0.04452528, 1.00958085
0.01862550, -0.04392564, 1.01097143
0.03889047, -0.04422782, 1.01139820
0.06951579, -0.04387640, 1.01049876
0.10637490, -0.04333714, 1.00296271
0.15115191, -0.04211544, 0.98968101
0.19981535, -0.03977360, 0.96571892
0.25854322, -0.03105794, 0.93719107
0.32459870, -0.01697644, 0.90126759
0.39539516, -0.00248533, 0.85812414
0.46712759, 0.01511693, 0.80604589
0.53682178, 0.03528335, 0.74539781
0.59951192, 0.05419176, 0.67718577
0.65531182, 0.07411499, 0.60491830
0.70661670, 0.09155034, 0.53421199
0.75186443, 0.10546109, 0.46375632
0.79647487, 0.11653052, 0.40166551
0.83279490, 0.11828110, 0.34163034
0.86489803, 0.11445691, 0.28703806
0.88754696, 0.10233551, 0.23049200
0.90785491, 0.08486245, 0.18458916
0.92364079, 0.06681804, 0.14098610
0.93819928, 0.04322511, 0.10757481
0.95132506, 0.01783604, 0.08041467
0.96401882, -0.00585230, 0.05911232
0.97559488, -0.02591345, 0.04280707
0.98472017, -0.04406973, 0.02921325
0.99117136, -0.05789140, 0.01731054
0.99396056, -0.06686594, 0.00601075
0.99825221, -0.07148680, 0.00220936
0.99996102, -0.07301553, -0.00371325
1.00149179, -0.07487509, -0.00374749
1.00440311, -0.06719546, -0.00305552
1.00478506, -0.05766952, -0.00147308
1.00340438, -0.04642485, 0.00022802
1.00217819, -0.03550391, 0.00492030
1.00013936, -0.02536389, 0.01110530
0.99978834, -0.01647450, 0.02127064
0.99960953, -0.01077238, 0.03430758
0.99911678, -0.00631869, 0.04906420
0.99901378, -0.00329522, 0.06597368
0.99860728, -0.00311689, 0.08281630
0.99725807, -0.00516770, 0.09928641
0.99634314, -0.00904435, 0.11585878
0.99591672, -0.01451359, 0.13389215
0.99468273, -0.02136507, 0.15109147
0.99345404, -0.02871401, 0.16788474
0.99137557, -0.03664113, 0.18307683
0.98797971, -0.04419261, 0.19623013
0.98280662, -0.05027447, 0.20626564
0.97773242, -0.05625634, 0.21850368
0.97382253, -0.05763080, 0.23212692
0.96914595, -0.05869941, 0.24997066
0.96351290, -0.05502886, 0.27019453
0.95320815, -0.05154815, 0.29170668
0.93934304, -0.04372682, 0.31671777
0.92087919, -0.03264293, 0.34776011
0.89585465, -0.02131265, 0.38923997
0.86582172, -0.00634482, 0.43806943
0.82870620, 0.01067754, 0.49010840
0.78396398, 0.02920565, 0.54582417
0.72854108, 0.04389573, 0.60081893
0.66974330, 0.06322575, 0.65983802
0.60390705, 0.07998625, 0.71279109
0.53641045, 0.09801091, 0.76556015
0.46696827, 0.11424062, 0.81360263
0.39717653, 0.12843430, 0.85683119
0.33162844, 0.14419816, 0.88774991
0.26763511, 0.15929857, 0.90947145
0.20626150, 0.17073642, 0.92871600
0.15330303, 0.18108794, 0.94080526
0.10873853, 0.19085614, 0.95279908
0.06585362, 0.19660001, 0.95500696
0.03065744, 0.20058556, 0.96108043
-0.00106282, 0.20499207, 0.96388733
-0.02861655, 0.21009791, 0.96513194
-0.05136360, 0.21470235, 0.96088499
-0.07278568, 0.21984224, 0.95950812
-0.09071615, 0.22300625, 0.95962417
-0.10336164, 0.22813578, 0.95882493
-0.11487868, 0.23359901, 0.96322155
-0.12483020, 0.24024180, 0.96541399
-0.13335492, 0.24735232, 0.96578389
-0.13848709, 0.25485811, 0.96185642
-0.14012374, 0.26195183, 0.95729339
-0.14141969, 0.26655445, 0.95293194
-0.14205432, 0.27498284, 0.95067161
-0.13969783, 0.28102908, 0.94712055
-0.13011953, 0.28838602, 0.94761807
-0.12028717, 0.29593453, 0.94494557
-0.11021283, 0.30396992, 0.93720925
-0.10049235, 0.30974570, 0.93077087
-0.08593329, 0.31055433, 0.92391109
-0.07270276, 0.30888647, 0.91969687
-0.05611935, 0.30547631, 0.92030215
-0.04038682, 0.29684037, 0.92068195
-0.02585939, 0.27791291, 0.92520469
-0.01294056, 0.25552034, 0.93095964
-0.00580657, 0.22819643, 0.93366045
0.00051058, 0.20071225, 0.94061393
0.00472698, 0.16957200, 0.94686633
0.00950896, 0.13800097, 0.95279568
0.01082896, 0.10913631, 0.96163970
0.01034782, 0.08111860, 0.97088033
0.00577727, 0.05353841, 0.97557330
0.00295945, 0.03090396, 0.98143512
0.00088601, 0.01395884, 0.98423773
-0.00073204, 0.00147690, 0.98570710
-0.00208837, -0.00754963, 0.98663765
-0.00268581, -0.01835010, 0.98682296
-0.00291134, -0.02610105, 0.98735458
-0.00325089, -0.03191399, 0.98816425
-0.00331828, -0.03611485, 0.98902434
-0.00285144, -0.03896721, 0.99177867
-0.00268162, -0.04095272, 0.99400461
-0.00261260, -0.04262834, 0.99518049
-0.00243226, -0.04331189, 0.99588603
-0.00250655, -0.04376278, 0.99647468
-0.00245044, -0.04408847, 0.99699885
-0.00204179, -0.04433434, 0.99773031
-0.00181215, -0.04446721, 0.99830174
-0.00166912, -0.04442380, 0.99850971
-0.00159730, -0.04410312, 0.99835908
-0.00224356, -0.04172078, 0.99539679
-0.00243428, -0.04087147, 0.99358642
-0.00247028, -0.04114288, 0.99394298
-0.00020611, -0.04231410, 0.99605912
0.00240380, -0.04249570, 0.99830520
0.00636517, -0.04288340, 1.00114679
0.01263273, -0.04223946, 1.00284576
0.02290798, -0.03975654, 1.00284719
0.03946443, -0.03801702, 1.00147653
0.06052760, -0.03638766, 0.99882805
0.09091854, -0.03283944, 0.98759580
0.12698643, -0.02933882, 0.97822058
0.16729598, -0.02631608, 0.97110403
0.20855334, -0.02160420, 0.95245469
0.25773481, -0.01948479, 0.93260086
0.31171715, -0.01625471, 0.90716499
0.36907035, -0.01381087, 0.87875438
0.42730877, -0.01194202, 0.84704340
0.48193815, -0.00992913, 0.81036234
0.53605586, -0.00754798, 0.77480054
0.58319539, -0.00870660, 0.74722975
0.62679946, -0.00860441, 0.71664578
0.66600704, -0.00820369, 0.68216783
0.70350021, -0.00801895, 0.65687060
0.73433077, -0.00633952, 0.63221711
0.75946707, -0.00572153, 0.61229563
0.77930135, -0.00503128, 0.59640324
0.79481101, -0.00582615, 0.58504260
0.80830717, -0.00557529, 0.57831454
0.81802976, -0.00638139, 0.57144761
0.82595605, -0.00788500, 0.56535959
0.83183348, -0.00866396, 0.55986911
0.83796096, -0.00805524, 0.55484390
0.84307355, -0.00777077, 0.55025458
0.84663647, -0.00761465, 0.54647923
0.84876698, -0.00801739, 0.54396999
0.85026366, -0.00973514, 0.54378301
0.84906352, -0.01141328, 0.54391164
0.84497386, -0.01237071, 0.54654902
0.84101325, -0.01291862, 0.55087054
0.83337122, -0.01286281, 0.55754822
0.82239926, -0.01184890, 0.56781876
0.80941129, -0.01142166, 0.58208400
0.79426861, -0.01174073, 0.59925628
0.77895683, -0.01198195, 0.61751878
0.76463324, -0.01149348, 0.63489932
0.75056463, -0.00976492, 0.64961284
0.73859501, -0.00916047, 0.66490543
0.72923583, -0.00951970, 0.67896682
0.71981108, -0.00991661, 0.69109488
0.71393108, -0.01080157, 0.70086819
0.71083170, -0.01310833, 0.70711797
0.70976096, -0.01433313, 0.70910859
0.71081740, -0.01494648, 0.70856303
0.71356058, -0.01389692, 0.71056223
0.71575481, -0.01422095, 0.71112752
0.71846116, -0.01446421, 0.71024519
0.72169930, -0.01348309, 0.70799297
0.72722942, -0.01200946, 0.70493782
0.73347473, -0.00902569, 0.69925237
0.74031508, -0.00659112, 0.69254220
0.74801707, -0.00390793, 0.68541747
0.75588870, -0.00187954, 0.67752320
0.76283902, -0.00039584, 0.67055809
0.76826096, -0.00032436, 0.66030890
0.77337229, 0.00045998, 0.65188062
0.77680320, 0.00057066, 0.64634264
0.77932715, 0.00065803, 0.64239705
0.77906233, 0.00010912, 0.63974160
0.77724016, -0.00231288, 0.64031303
0.77403229, -0.00405446, 0.64301068
0.77011240, -0.00592920, 0.64676726
0.76521981, -0.00912903, 0.65184414
0.75937980, -0.01452219, 0.65869462
0.75378388, -0.01838481, 0.66466945
0.74729431, -0.01962420, 0.66632295
0.73723912, -0.01985635, 0.66905046
0.72509950, -0.02111099, 0.67359006
0.71278089, -0.02146803, 0.68117112
0.69975495, -0.02016695, 0.69157577
0.68605304, -0.01908655, 0.70298827
0.67106164, -0.01834766, 0.71567982
0.65619934, -0.01618143, 0.72834784
0.64247012, -0.01131705, 0.73870593
0.62828058, -0.00853519, 0.74987805
0.61604667, -0.00791848, 0.76421344
0.60815662, -0.01241879, 0.78104180
0.60137957, -0.01493523, 0.79587340
0.59290451, -0.01646276, 0.80737245
0.58405364, -0.01845906, 0.81531429
0.57511532, -0.02161538, 0.82249594
0.56659007, -0.02422995, 0.82837915
0.55770850, -0.02663985, 0.83427763
0.54844528, -0.02927971, 0.84046870
0.53933489, -0.03168748, 0.84652776
0.52782512, -0.03723536, 0.85363764
0.51658255, -0.03791068, 0.85689533
0.50529546, -0.03609131, 0.85857433
0.49620065, -0.03660878, 0.86120081
0.48971772, -0.03656014, 0.86410004
0.48548338, -0.03525411, 0.86639184
0.48209211, -0.03457071, 0.86861712
0.48002318, -0.03346873, 0.87013054
0.48022303, -0.03151637, 0.87071204
0.48007414, -0.03112506, 0.87126708
0.48307812, -0.02741467, 0.87120163
0.48612395, -0.02466922, 0.87024468
0.49049774, -0.02494480, 0.86937100
0.49374041, -0.02510434, 0.86748570
0.49618936, -0.02637642, 0.86693877
0.49803060, -0.02742618, 0.86619347
0.49963555, -0.02749279, 0.86859083
0.49668348, -0.02799658, 0.87159616
0.48671034, -0.03090936, 0.87916297
0.47267729, -0.03353568, 0.89118499
0.45075685, -0.03583713, 0.90211415
0.42087093, -0.03611318, 0.91270083
0.38615161, -0.03281824, 0.92569196
0.34865099, -0.03218906, 0.94171822
0.30689070, -0.03303564, 0.95618719
0.26206061, -0.03474836, 0.97043204
0.21705763, -0.03688333, 0.98332131
0.17579906, -0.03956943, 0.99554729
0.13879265, -0.04062952, 1.00302947
0.10551073, -0.03997921, 1.00530887
0.07830022, -0.03959277, 1.00854266
0.05759948, -0.03506154, 1.00938725
0.04235041, -0.03722695, 1.00883603
0.03053938, -0.03694674, 1.00615966
0.02262180, -0.03583174, 1.00428927
0.01725524, -0.03445910, 1.00220609
0.01283865, -0.03408465, 0.99848932
0.00862079, -0.03311342, 0.99553722
0.00619854, -0.03341322, 0.99344164
0.00414275, -0.03567187, 0.99201620
0.00183667, -0.03858213, 0.99004930
0.00098395, -0.04609409, 0.99065655
-0.00260235, -0.05219071, 0.99135298
-0.00330040, -0.05764027, 0.99334061
-0.00232317, -0.06256763, 0.99577808
0.00064149, -0.06673481, 0.99794465
0.00581422, -0.06996889, 0.99852240
0.01382911, -0.07317976, 0.99699247
0.02350871, -0.07348588, 0.99554300
0.03517319, -0.07203453, 0.99268359
0.04777206, -0.06972960, 0.98972714
0.06098245, -0.06818588, 0.98869687
0.07570463, -0.06389199, 0.98632061
0.08519428, -0.05959309, 0.98127866
0.09189870, -0.05676270, 0.97879475
0.09482759, -0.05422943, 0.97698092
0.09364595, -0.05177418, 0.97640586
0.08840223, -0.04909817, 0.97758198
0.07988132, -0.04789457, 0.97800559
0.06911774, -0.04682312, 0.97984296
0.05809593, -0.04605981, 0.98291785
0.04596732, -0.04557143, 0.98422104
0.03432802, -0.04637071, 0.98650014
0.02524045, -0.04818242, 0.99033755
0.01723917, -0.04845426, 0.99064076
0.01115477, -0.04857997, 0.99116606
0.00612489, -0.04984736, 0.99146020
0.00208046, -0.05127142, 0.99124658
-0.00067773, -0.05236923, 0.99139905
-0.00230083, -0.05325321, 0.99145430
-0.00308710, -0.05408112, 0.99131137
-0.00385858, -0.05444742, 0.99154347
-0.00404552, -0.05528753, 0.99254084
-0.00430307, -0.05401735, 0.99230665
-0.00580325, -0.05282567, 0.99238390
-0.00746618, -0.05263956, 0.99548066
-0.00869959, -0.05149010, 0.99857408
-0.00942450, -0.05050958, 1.00128686
-0.01012321, -0.05010636, 1.00332952
-0.01069143, -0.04994193, 1.00447440
-0.01154389, -0.04960532, 1.00501812
-0.01205276, -0.04964656, 1.00545919
-0.01277445, -0.04907124, 1.00561595
-0.01328369, -0.04996841, 1.00609112
-0.01231972, -0.05125081, 1.00692165
-0.01098312, -0.05172323, 1.00442386
-0.00921511, -0.05174318, 1.00129139
-0.00758165, -0.05185557, 0.99892807
-0.00628723, -0.05178898, 0.99725842
-0.00530922, -0.05167547, 0.99623567
-0.00460284, -0.05170987, 0.99584693
-0.00408619, -0.05156078, 0.99501109
-0.00361783, -0.05125945, 0.99399906
-0.00320667, -0.05076718, 0.99307710
-0.00283994, -0.05020007, 0.99171317
-0.00260853, -0.04975909, 0.99035364
-0.00288578, -0.04954534, 0.98986673
-0.00311882, -0.04941982, 0.98985112
-0.00313873, -0.04949335, 0.98997843
-0.00319754, -0.04990268, 0.99020249
-0.00333558, -0.05019970, 0.99017841
-0.00346881, -0.05045872, 0.99057072
-0.00364646, -0.05093962, 0.99059302
-0.00376409, -0.05135369, 0.99033988
-0.00391064, -0.05148465, 0.99062854
-0.00384342, -0.05155988, 0.99079323
-0.00369189, -0.05171731, 0.99167430
-0.00386232, -0.05171917, 0.99232090
-0.00407206, -0.05169733, 0.99281251
-0.00423781, -0.05155584, 0.99282014
-0.00427517, -0.05155418, 0.99277347
-0.00420669, -0.05141754, 0.99265414
-0.00422187, -0.05179248, 0.99310493
-0.00426741, -0.05203362, 0.99412632
-0.00428377, -0.05222781, 0.99476236
-0.00434254, -0.05222624, 0.99535060
-0.00432084, -0.05221756, 0.99512339
-0.00397957, -0.05213682, 0.99456185
-0.00394226, -0.05200427, 0.99369502
-0.00390382, -0.05166122, 0.99365318
Raw(g): -0.14084899, 0.04758000, 0.98057497 | Calib(g): -0.13376775, 0.05530258, 0.98246396 | CalibKalman(g): -0.13644572, 0.05892494, 0.98163909
Raw(g): -0.12346400, 0.06161000, 0.98710197 | Calib(g): -0.13360597, 0.05530955, 0.98200434 | CalibKalman(g): -0.13567854, 0.05794822, 0.98173779
Raw(g): -0.12199999, 0.06093900, 0.99734998 | Calib(g): -0.13265140, 0.05545946, 0.98186380 | CalibKalman(g): -0.13486074, 0.05727587, 0.98177183
Raw(g): -0.13822600, 0.06557500, 0.99875295 | Calib(g): -0.13550073, 0.05619586, 0.98219955 | CalibKalman(g): -0.13503364, 0.05698409, 0.98188740
Raw(g): -0.12370799, 0.05642500, 0.97819597 | Calib(g): -0.13533150, 0.05601255, 0.98070657 | CalibKalman(g): -0.13511410, 0.05672162, 0.98156840
Raw(g): -0.12822200, 0.06886900, 0.99649596 | Calib(g): -0.13413215, 0.05810871, 0.98050910 | CalibKalman(g): -0.13484882, 0.05709635, 0.98128223
Raw(g): -0.12267100, 0.05685200, 0.99411696 | Calib(g): -0.13179868, 0.05988743, 0.98390645 | CalibKalman(g): -0.13402480, 0.05785038, 0.98199117
Raw(g): -0.12511100, 0.07533500, 0.99399495 | Calib(g): -0.13131283, 0.06137090, 0.98373479 | CalibKalman(g): -0.13329214, 0.05880147, 0.98246223
Raw(g): -0.13962899, 0.05178900, 0.98929799 | Calib(g): -0.13297820, 0.06009833, 0.98156279 | CalibKalman(g): -0.13320732, 0.05915183, 0.98221922
Raw(g): -0.11663200, 0.05935300, 1.00759792 | Calib(g): -0.13143863, 0.05984537, 0.98338616 | CalibKalman(g): -0.13272950, 0.05933919, 0.98253447
Raw(g): -0.11346000, 0.06453800, 0.98630899 | Calib(g): -0.12865493, 0.06156632, 0.98394823 | CalibKalman(g): -0.13162872, 0.05994086, 0.98291641
Raw(g): -0.13218699, 0.05038600, 0.98758996 | Calib(g): -0.12954278, 0.06042828, 0.98399913 | CalibKalman(g): -0.13106519, 0.06007254, 0.98320889
Raw(g): -0.12547700, 0.05703500, 0.98832196 | Calib(g): -0.12989521, 0.06003343, 0.98310566 | CalibKalman(g): -0.13074911, 0.06006198, 0.98318100
Raw(g): -0.12273200, 0.06569700, 0.97837895 | Calib(g): -0.12831846, 0.06005061, 0.98108453 | CalibKalman(g): -0.13009246, 0.06005891, 0.98261464
Raw(g): -0.12193900, 0.05746200, 0.98295397 | Calib(g): -0.12813933, 0.06015535, 0.98155564 | CalibKalman(g): -0.12956481, 0.06008496, 0.98232853
Raw(g): -0.11297200, 0.06691700, 1.00546300 | Calib(g): -0.12659207, 0.05995908, 0.98244208 | CalibKalman(g): -0.12876171, 0.06005095, 0.98235923
Raw(g): -0.12578200, 0.06478200, 0.99131095 | Calib(g): -0.12690637, 0.06076194, 0.98216361 | CalibKalman(g): -0.12826048, 0.06024303, 0.98230636
Raw(g): -0.05050800, 0.06496500, 1.01699197 | Calib(g): -0.11933416, 0.05972107, 0.98443234 | CalibKalman(g): -0.12584898, 0.06010202, 0.98288071
Raw(g): -0.05941400, 0.01073600, 0.97471899 | Calib(g): -0.11119126, 0.05557834, 0.98298055 | CalibKalman(g): -0.12188911, 0.05887992, 0.98290771
Raw(g): 0.03623400, 0.01018700, 1.03029001 | Calib(g): -0.09567620, 0.05062132, 0.98521197 | CalibKalman(g): -0.11480752, 0.05664881, 0.98353022
Raw(g): 0.06697800, -0.01122400, 0.98063600 | Calib(g): -0.07736071, 0.04297876, 0.98463172 | CalibKalman(g): -0.10469104, 0.05295576, 0.98382777
Raw(g): 0.19751799, -0.01098000, 0.94165701 | Calib(g): -0.04387619, 0.03682248, 0.98003852 | CalibKalman(g): -0.08826153, 0.04859725, 0.98280406
Raw(g): 0.31305200, 0.01695800, 0.97423100 | Calib(g): 0.00066002, 0.03283572, 0.97858173 | CalibKalman(g): -0.06423882, 0.04433918, 0.98166335
Raw(g): 0.35257998, -0.05392400, 0.94854999 | Calib(g): 0.04892184, 0.02080164, 0.97556925 | CalibKalman(g): -0.03366777, 0.03798037, 0.98001701
Raw(g): 0.54686499, 0.00122000, 0.88035196 | Calib(g): 0.11685722, 0.01522493, 0.96530998 | CalibKalman(g): 0.00699749, 0.03183284, 0.97604382
Raw(g): 0.59853196, -0.00579500, 0.83228397 | Calib(g): 0.18913743, 0.00799536, 0.94805318 | CalibKalman(g): 0.05620372, 0.02539300, 0.96848196
Raw(g): 0.67295200, 0.04428600, 0.71803099 | Calib(g): 0.27030063, 0.00607895, 0.92085874 | CalibKalman(g): 0.11404333, 0.02017519, 0.95561624
Raw(g): 0.76103598, 0.04721400, 0.72223997 | Calib(g): 0.35276854, 0.00444504, 0.89153469 | CalibKalman(g): 0.17853643, 0.01592559, 0.93830419
Raw(g): 0.78848600, 0.09180500, 0.63671798 | Calib(g): 0.43895125, 0.01282893, 0.85790855 | CalibKalman(g): 0.24888912, 0.01508901, 0.91658479
Raw(g): 0.73962498, 0.01775100, 0.56040698 | Calib(g): 0.51046437, 0.01376153, 0.81124479 | CalibKalman(g): 0.31955528, 0.01473038, 0.88812655
Raw(g): 0.81977898, -0.04440800, 0.66910899 | Calib(g): 0.58696592, 0.01055736, 0.78026909 | CalibKalman(g): 0.39179793, 0.01360301, 0.85898817
Raw(g): 0.82929498, -0.14115399, 0.75298399 | Calib(g): 0.65114152, -0.00250203, 0.76149553 | CalibKalman(g): 0.46186122, 0.00925214, 0.83264995
Raw(g): 0.68649399, -0.21093799, 0.60524201 | Calib(g): 0.68908978, -0.02547759, 0.72490513 | CalibKalman(g): 0.52324843, -0.00013032, 0.80354202
Raw(g): 0.67179298, -0.34153900, 0.69314301 | Calib(g): 0.72150373, -0.05452238, 0.69958401 | CalibKalman(g): 0.57680833, -0.01482467, 0.77545714
Raw(g): 0.63921899, -0.42236400, 0.72443599 | Calib(g): 0.73083955, -0.09738377, 0.68417037 | CalibKalman(g): 0.61842084, -0.03712852, 0.75079548
Raw(g): 0.54381502, -0.52502698, 0.61994296 | Calib(g): 0.72523069, -0.14994791, 0.66319883 | CalibKalman(g): 0.64727616, -0.06760738, 0.72713071
Raw(g): 0.51300997, -0.61994296, 0.64806402 | Calib(g): 0.70889014, -0.21722841, 0.65636683 | CalibKalman(g): 0.66392154, -0.10802843, 0.70801342
Raw(g): 0.48098499, -0.65623796, 0.66288698 | Calib(g): 0.68034250, -0.28850120, 0.65060884 | CalibKalman(g): 0.66835773, -0.15678427, 0.69250524
Raw(g): 0.41650799, -0.69015402, 0.57260698 | Calib(g): 0.64244616, -0.36773816, 0.64440215 | CalibKalman(g): 0.66135758, -0.21377477, 0.67950988
Raw(g): 0.29938799, -0.83271098, 0.55906498 | Calib(g): 0.59759653, -0.45393020, 0.64443308 | CalibKalman(g): 0.64413214, -0.27865425, 0.67003369
Raw(g): 0.34263700, -0.82295096, 0.67362297 | Calib(g): 0.54900926, -0.53284591, 0.64504135 | CalibKalman(g): 0.61843413, -0.34732571, 0.66328186
Raw(g): 0.13456599, -0.90402001, 0.24717200 | Calib(g): 0.47840047, -0.61014986, 0.59511471 | CalibKalman(g): 0.58060318, -0.41832930, 0.64486611
Raw(g): -0.05630300, -1.02510500, 0.14761999 | Calib(g): 0.40289411, -0.69266200, 0.54997599 | CalibKalman(g): 0.53259397, -0.49244198, 0.61923093
Raw(g): -0.18031600, -0.97538996, -0.07137000 | Calib(g): 0.31635970, -0.75689644, 0.47442445 | CalibKalman(g): 0.47417694, -0.56388599, 0.58011055
Raw(g): -0.24546400, -0.93238497, -0.20807099 | Calib(g): 0.22656150, -0.80857694, 0.38221782 | CalibKalman(g): 0.40728208, -0.62999076, 0.52664858
Raw(g): -0.36392599, -0.81435001, 0.00963800 | Calib(g): 0.13440867, -0.83794957, 0.32191437 | CalibKalman(g): 0.33356366, -0.68617213, 0.47133836
Raw(g): -0.51178998, -0.90450799, 0.25260100 | Calib(g): 0.03033518, -0.86688387, 0.28291541 | CalibKalman(g): 0.25164461, -0.73499250, 0.42043474
Raw(g): -0.44767898, -0.98630899, 0.16610299 | Calib(g): -0.06396617, -0.90039921, 0.23386800 | CalibKalman(g): 0.16638041, -0.77967817, 0.37003258
Raw(g): -0.66227698, -0.73755097, 0.14023900 | Calib(g): -0.17347945, -0.90532094, 0.19119290 | CalibKalman(g): 0.07456516, -0.81362134, 0.32171792
Raw(g): -0.66178900, -0.62402999, 0.16451700 | Calib(g): -0.27101225, -0.88429677, 0.15221803 | CalibKalman(g): -0.01879473, -0.83271474, 0.27592647
Raw(g): -0.59115100, -0.41400698, 0.41711798 | Calib(g): -0.36575180, -0.84300452, 0.12689389 | CalibKalman(g): -0.11252733, -0.83549458, 0.23566440
Raw(g): -0.73712397, -0.55003697, 0.55363601 | Calib(g): -0.45427674, -0.80733311, 0.15734853 | CalibKalman(g): -0.20485306, -0.82788658, 0.21450688
Raw(g): -0.53350598, -0.36880600, 0.67783201 | Calib(g): -0.50271940, -0.74101055, 0.20987955 | CalibKalman(g): -0.28532350, -0.80441648, 0.21325678
Raw(g): -0.55814999, -0.33800098, 0.78933996 | Calib(g): -0.54112148, -0.67662525, 0.29514527 | CalibKalman(g): -0.35442892, -0.76989287, 0.23537946
Raw(g): -0.26364198, -0.14585100, 0.94385296 | Calib(g): -0.54301369, -0.59711313, 0.40919513 | CalibKalman(g): -0.40537626, -0.72321534, 0.28233683
Raw(g): 0.43529600, -0.13615200, 1.32321203 | Calib(g): -0.46192542, -0.52845991, 0.53915298 | CalibKalman(g): -0.42065337, -0.67060095, 0.35171729
Raw(g): 0.02732800, 0.26760700, 1.02724004 | Calib(g): -0.40709639, -0.40976945, 0.61569208 | CalibKalman(g): -0.41699088, -0.60013568, 0.42303172
Raw(g): 0.45597500, 0.21075499, 1.28746593 | Calib(g): -0.31528980, -0.28853437, 0.72652918 | CalibKalman(g): -0.38951570, -0.51595467, 0.50502342
Raw(g): 0.80879897, 0.30030298, 0.93982697 | Calib(g): -0.16582879, -0.18329389, 0.80541724 | CalibKalman(g): -0.32908529, -0.42608431, 0.58617669
Raw(g): 0.78366697, 0.29658198, 0.35294598 | Calib(g): -0.01889780, -0.08985928, 0.82376611 | CalibKalman(g): -0.24528621, -0.33525103, 0.65036297
Raw(g): 0.92158800, 0.30451199, -0.07503000 | Calib(g): 0.13493600, -0.01680014, 0.77469367 | CalibKalman(g): -0.14256683, -0.24921955, 0.68395168
Raw(g): 0.92091697, 0.27163300, -0.14444800 | Calib(g): 0.30357492, 0.06675159, 0.70518243 | CalibKalman(g): -0.02203887, -0.16385798, 0.68968731
Raw(g): 0.91792798, 0.19995800, -0.41059101 | Calib(g): 0.45124689, 0.12470499, 0.59705466 | CalibKalman(g): 0.10582222, -0.08590090, 0.66466200
Raw(g): 0.88260901, 0.13914099, -0.37887099 | Calib(g): 0.59783179, 0.17338783, 0.48103324 | CalibKalman(g): 0.23874167, -0.01585244, 0.61505353
Raw(g): 0.82917297, 0.53948396, -0.68149197 | Calib(g): 0.70917803, 0.24315064, 0.31974447 | CalibKalman(g): 0.36583295, 0.05411884, 0.53527397
Raw(g): 0.78586298, 0.25961599, -0.59944701 | Calib(g): 0.74513352, 0.28350639, 0.12914038 | CalibKalman(g): 0.46830335, 0.11608931, 0.42555445
Raw(g): 0.72016597, 0.09595300, -0.56943500 | Calib(g): 0.81571376, 0.26641914, -0.02914899 | CalibKalman(g): 0.56215841, 0.15670185, 0.30271348
Raw(g): 0.59334701, 0.20245899, -0.83539498 | Calib(g): 0.82998085, 0.26584655, -0.23951164 | CalibKalman(g): 0.63451231, 0.18618797, 0.15622801
Raw(g): 0.72327697, 0.20081200, -0.59401798 | Calib(g): 0.82150686, 0.25593537, -0.39146808 | CalibKalman(g): 0.68503004, 0.20503066, 0.00826450
Raw(g): 0.50977701, 0.16457799, -0.66587597 | Calib(g): 0.79381889, 0.24264213, -0.49236178 | CalibKalman(g): 0.71442002, 0.21519163, -0.12698279
Raw(g): 0.82173097, 0.25113699, -0.41059101 | Calib(g): 0.78371799, 0.23725998, -0.52558976 | CalibKalman(g): 0.73314130, 0.22115353, -0.23466894
Raw(g): 0.67734396, 0.10723799, -0.74444401 | Calib(g): 0.75904191, 0.22064307, -0.58498496 | CalibKalman(g): 0.74013853, 0.22101563, -0.32930899
Raw(g): 0.90786296, 0.05050800, -0.35605699 | Calib(g): 0.75798762, 0.20550111, -0.57956266 | CalibKalman(g): 0.74496055, 0.21682429, -0.39691657
Raw(g): 0.78933996, -0.00256200, -0.62421298 | Calib(g): 0.74852830, 0.19116506, -0.60384208 | CalibKalman(g): 0.74592441, 0.20989229, -0.45281878
Raw(g): 0.76896596, -0.11248400, -0.61591697 | Calib(g): 0.74229938, 0.12512641, -0.59726018 | CalibKalman(g): 0.74494511, 0.18699226, -0.49184051
Raw(g): 0.74688399, -0.27126700, -0.52789396 | Calib(g): 0.73824501, 0.07135212, -0.59010315 | CalibKalman(g): 0.74313504, 0.15575136, -0.51838678
Raw(g): 0.89676100, -0.43432000, -0.18903899 | Calib(g): 0.75604022, 0.01763828, -0.55237663 | CalibKalman(g): 0.74662143, 0.11843926, -0.52756935
Raw(g): 0.74847001, -0.43834600, -0.53387201 | Calib(g): 0.77164859, -0.04726287, -0.52244931 | CalibKalman(g): 0.75338268, 0.07367380, -0.52618617
Raw(g): 0.71491998, -0.71235800, -0.11754700 | Calib(g): 0.77058315, -0.13979137, -0.47513142 | CalibKalman(g): 0.75802952, 0.01600486, -0.51239341
Raw(g): 0.73864901, -0.72760797, -0.09790500 | Calib(g): 0.79360229, -0.23016763, -0.41878501 | CalibKalman(g): 0.76763970, -0.05050017, -0.48710454
Raw(g): 0.69015402, -0.67935699, 0.01128500 | Calib(g): 0.78002697, -0.32446378, -0.37685630 | CalibKalman(g): 0.77098620, -0.12451314, -0.45732030
Raw(g): 0.57638901, -0.72065401, -0.15597700 | Calib(g): 0.76955354, -0.40838432, -0.31843743 | CalibKalman(g): 0.77059919, -0.20120271, -0.41980022
Raw(g): 0.30902600, -0.86851799, 0.05410700 | Calib(g): 0.70852315, -0.50159240, -0.27760103 | CalibKalman(g): 0.75382894, -0.28235486, -0.38138422
Raw(g): 0.18287800, -0.90926600, 0.06594100 | Calib(g): 0.64667857, -0.59358633, -0.20902219 | CalibKalman(g): 0.72488159, -0.36643597, -0.33481956
Raw(g): 0.07307800, -0.92085600, 0.32683799 | Calib(g): 0.57572931, -0.67566609, -0.11541253 | CalibKalman(g): 0.68458718, -0.44997641, -0.27554539
Raw(g): -0.18446399, -0.89956701, 0.54021597 | Calib(g): 0.48087502, -0.73956305, -0.00936788 | CalibKalman(g): 0.62955308, -0.52821004, -0.20363589
Raw(g): 0.02452200, -0.90115297, 0.49806499 | Calib(g): 0.39210671, -0.78705555, 0.05889741 | CalibKalman(g): 0.56540549, -0.59813875, -0.13271089
Raw(g): -0.29042101, -0.79501301, 0.58724701 | Calib(g): 0.28636494, -0.82346886, 0.17017899 | CalibKalman(g): 0.49002096, -0.65901309, -0.05088331
Raw(g): -0.31451601, -0.63622999, 0.47592199 | Calib(g): 0.18173103, -0.81599271, 0.22912708 | CalibKalman(g): 0.40673453, -0.70142210, 0.02476324
Raw(g): -0.51532799, -0.76152396, 0.75786400 | Calib(g): 0.05423437, -0.81972635, 0.31411120 | CalibKalman(g): 0.31150442, -0.73338270, 0.10293239
Raw(g): -0.30622000, -0.48086300, 0.75615597 | Calib(g): -0.04704447, -0.79987115, 0.38804182 | CalibKalman(g): 0.21464022, -0.75134498, 0.17995648
Raw(g): -0.36307198, -0.66740102, 0.72461897 | Calib(g): -0.14258614, -0.79473031, 0.47542906 | CalibKalman(g): 0.11813329, -0.76306581, 0.25978023
Raw(g): -0.52758896, -0.43596700, 0.77823800 | Calib(g): -0.22759815, -0.75114536, 0.54725379 | CalibKalman(g): 0.02473180, -0.75984544, 0.33744299
Raw(g): 0.04276100, -0.28084400, 0.96782601 | Calib(g): -0.24186340, -0.68763506, 0.63656497 | CalibKalman(g): -0.04729054, -0.74033737, 0.41825265
Raw(g): 0.02110600, -0.35111600, 1.45619202 | Calib(g): -0.24721913, -0.63007927, 0.74840862 | CalibKalman(g): -0.10130249, -0.71055049, 0.50744635
Raw(g): 0.39046100, -0.17080000, 0.92762697 | Calib(g): -0.18876645, -0.55623388, 0.78662527 | CalibKalman(g): -0.12493142, -0.66886091, 0.58286828
Raw(g): 0.58090299, -0.10199200, 0.86064899 | Calib(g): -0.13218231, -0.47526008, 0.82237661 | CalibKalman(g): -0.12689030, -0.61655843, 0.64757293
Raw(g): 0.65855598, 0.01281000, 0.67411101 | Calib(g): -0.03568058, -0.39331454, 0.83074892 | CalibKalman(g): -0.10224943, -0.55624771, 0.69705904
Raw(g): 0.71290696, -0.09265900, 0.54405898 | Calib(g): 0.06874935, -0.33811375, 0.83728445 | CalibKalman(g): -0.05605305, -0.49731746, 0.73494178
Raw(g): 0.86784697, 0.12828299, 0.33671999 | Calib(g): 0.20944038, -0.24773805, 0.79524690 | CalibKalman(g): 0.01567165, -0.42989203, 0.75123358
Raw(g): 1.03828096, 0.07350500, 0.21282899 | Calib(g): 0.34616798, -0.19132259, 0.74114734 | CalibKalman(g): 0.10495729, -0.36544102, 0.74850869
Raw(g): 1.02504396, 0.00189100, 0.03690500 | Calib(g): 0.48736531, -0.12324572, 0.67272151 | CalibKalman(g): 0.20826720, -0.30001047, 0.72803432
Raw(g): 1.05005395, 0.18470800, -0.29249498 | Calib(g): 0.64786172, -0.06001745, 0.56632167 | CalibKalman(g): 0.32702637, -0.23517486, 0.68434662
Raw(g): 0.96288496, 0.10406600, -0.36959898 | Calib(g): 0.74157727, -0.02073801, 0.43362182 | CalibKalman(g): 0.43901986, -0.17724343, 0.61661178
Raw(g): 0.86052698, 0.03599000, -0.48909798 | Calib(g): 0.82718676, 0.01882123, 0.24070366 | CalibKalman(g): 0.54388553, -0.12427534, 0.51505786
Raw(g): 0.83441901, -0.06594100, -0.45743901 | Calib(g): 0.87250149, 0.02967084, 0.10338656 | CalibKalman(g): 0.63266319, -0.08268583, 0.40384230
Raw(g): 0.93891197, 0.01049200, -0.39271799 | Calib(g): 0.90906811, 0.04126365, -0.02086928 | CalibKalman(g): 0.70733571, -0.04920011, 0.28910384
Raw(g): 1.00338900, 0.19611500, -0.48116800 | Calib(g): 0.94429320, 0.06001468, -0.13541231 | CalibKalman(g): 0.77135122, -0.01969505, 0.17441817
Raw(g): 0.64891797, -0.01073600, -0.83130801 | Calib(g): 0.93801165, 0.06845948, -0.27169019 | CalibKalman(g): 0.81637555, 0.00412044, 0.05389923
Raw(g): 0.91560996, -0.09699000, -0.19251600 | Calib(g): 0.94290560, 0.04571608, -0.32411045 | CalibKalman(g): 0.85055846, 0.01535776, -0.04822243
Raw(g): 0.91005898, -0.10406600, -0.06581900 | Calib(g): 0.92989552, 0.02774614, -0.35168061 | CalibKalman(g): 0.87199187, 0.01870456, -0.13020355
Raw(g): 1.10928500, -0.19879900, 0.16531000 | Calib(g): 0.93840057, 0.00742188, -0.33894694 | CalibKalman(g): 0.88993257, 0.01565647, -0.18659687
Raw(g): 0.80648100, -0.59224898, -0.06051200 | Calib(g): 0.91350281, -0.07132228, -0.31583485 | CalibKalman(g): 0.89630020, -0.00784138, -0.22151132
Raw(g): 0.92640698, -0.44438499, 0.19489500 | Calib(g): 0.90962619, -0.12693222, -0.25983325 | CalibKalman(g): 0.89990032, -0.04001451, -0.23186423
Raw(g): 0.96697199, -0.42968398, -0.03794200 | Calib(g): 0.92029619, -0.17412381, -0.21509254 | CalibKalman(g): 0.90541041, -0.07624497, -0.22733325
Raw(g): 0.75920600, -0.47439700, -0.23424000 | Calib(g): 0.91255856, -0.21552388, -0.19291848 | CalibKalman(g): 0.90734154, -0.11387203, -0.21803589
Raw(g): 0.65971500, -0.61298901, -0.17744900 | Calib(g): 0.88406956, -0.27873009, -0.17147496 | CalibKalman(g): 0.90105444, -0.15840946, -0.20545717
Raw(g): 0.38021299, -0.69161797, 0.09235400 | Calib(g): 0.82054776, -0.36879206, -0.11445228 | CalibKalman(g): 0.87930506, -0.21524562, -0.18087164
Raw(g): 0.21581800, -0.83826196, 0.48385200 | Calib(g): 0.77623093, -0.45281258, 0.01602018 | CalibKalman(g): 0.85145897, -0.27942580, -0.12768009
Raw(g): -0.06917400, -0.68911701, 0.56858099 | Calib(g): 0.67600065, -0.51301950, 0.09164828 | CalibKalman(g): 0.80405784, -0.34253258, -0.06842718
Raw(g): -0.29810700, -0.55760098, 0.73340297 | Calib(g): 0.55309832, -0.55923200, 0.17107119 | CalibKalman(g): 0.73625958, -0.40107527, -0.00372521
Raw(g): -0.28383300, -0.43334401, 0.81532598 | Calib(g): 0.41146797, -0.58328068, 0.23571222 | CalibKalman(g): 0.64851511, -0.45029920, 0.06096030
Raw(g): -0.57199699, -0.35227498, 1.05895996 | Calib(g): 0.27133048, -0.55932939, 0.34681210 | CalibKalman(g): 0.54661632, -0.47975439, 0.13818493
Raw(g): -0.58450198, -0.05727900, 0.77463901 | Calib(g): 0.11784603, -0.52043730, 0.40443587 | CalibKalman(g): 0.43078136, -0.49074513, 0.21011427
Raw(g): -0.38259199, 0.00140300, 0.92817599 | Calib(g): -0.01930137, -0.47711053, 0.50031435 | CalibKalman(g): 0.30918872, -0.48706165, 0.28851363
Raw(g): -0.45762199, 0.01811700, 0.93256795 | Calib(g): -0.14298713, -0.42756540, 0.61605132 | CalibKalman(g): 0.18703061, -0.47098836, 0.37699997
Raw(g): -0.31000200, 0.45859799, 0.93824100 | Calib(g): -0.24147424, -0.31933513, 0.72661948 | CalibKalman(g): 0.07126737, -0.43001831, 0.47145185
Raw(g): -0.45585299, 0.21734300, 1.03041196 | Calib(g): -0.32638627, -0.22753128, 0.81958598 | CalibKalman(g): -0.03616123, -0.37531519, 0.56550246
Raw(g): -0.24015699, 0.43926099, 0.94348699 | Calib(g): -0.37256318, -0.09828903, 0.86504889 | CalibKalman(g): -0.12704231, -0.30047485, 0.64642680
Raw(g): -0.10760400, 0.40095299, 0.98478401 | Calib(g): -0.37635434, 0.01204250, 0.90616786 | CalibKalman(g): -0.19439550, -0.21604635, 0.71659744
Raw(g): -0.16268700, 0.35831401, 1.01796794 | Calib(g): -0.36249611, 0.10478121, 0.93423778 | CalibKalman(g): -0.23980892, -0.12937279, 0.77539432
Raw(g): 0.07838500, 0.39454800, 0.85887998 | Calib(g): -0.32558066, 0.18867037, 0.93840361 | CalibKalman(g): -0.26298070, -0.04345145, 0.81943232
Raw(g): 0.13328500, 0.40436900, 0.86857897 | Calib(g): -0.25379747, 0.26542643, 0.91934741 | CalibKalman(g): -0.26049981, 0.03999382, 0.84642500
Raw(g): 0.02220400, 0.34696800, 0.86595601 | Calib(g): -0.19212463, 0.30644873, 0.92825854 | CalibKalman(g): -0.24202783, 0.11197827, 0.86853284
Raw(g): 0.12139000, 0.09955200, 0.95971298 | Calib(g): -0.14092520, 0.31646457, 0.93129700 | CalibKalman(g): -0.21471433, 0.16722152, 0.88548899
Raw(g): 0.21545200, 0.52667397, 0.77695698 | Calib(g): -0.07245809, 0.36808896, 0.91571933 | CalibKalman(g): -0.17628293, 0.22148710, 0.89365590
Raw(g): 0.18891700, 0.43785799, 0.95275897 | Calib(g): -0.02178935, 0.36606669, 0.91708601 | CalibKalman(g): -0.13454552, 0.26054618, 0.89998567
Raw(g): 0.25833499, 0.53649497, 0.71681100 | Calib(g): 0.05084690, 0.39853588, 0.88586986 | CalibKalman(g): -0.08446061, 0.29782495, 0.89617223
Raw(g): 0.46793100, 0.58163500, 0.87632596 | Calib(g): 0.12279870, 0.41307417, 0.87909347 | CalibKalman(g): -0.02846822, 0.32896024, 0.89155829
Raw(g): 0.38911900, 0.52966297, 0.75633901 | Calib(g): 0.17330439, 0.42621368, 0.85636920 | CalibKalman(g): 0.02604190, 0.35523385, 0.88205177
Raw(g): 0.52813798, 0.53118801, 0.75615597 | Calib(g): 0.24353667, 0.44386029, 0.83030492 | CalibKalman(g): 0.08479946, 0.37917683, 0.86807203
Raw(g): 0.57736498, 0.54137498, 0.66227698 | Calib(g): 0.29426974, 0.45883107, 0.81073332 | CalibKalman(g): 0.14138916, 0.40069592, 0.85258162
Raw(g): 0.65184599, 0.56516498, 0.55052501 | Calib(g): 0.34701189, 0.47523364, 0.77912331 | CalibKalman(g): 0.19693942, 0.42083275, 0.83273637
Raw(g): 0.71644497, 0.55644196, 0.49458799 | Calib(g): 0.41761327, 0.49659976, 0.74219888 | CalibKalman(g): 0.25655583, 0.44130167, 0.80827713
Raw(g): 0.74840897, 0.55583197, 0.34794399 | Calib(g): 0.48146215, 0.54297578, 0.68143588 | CalibKalman(g): 0.31731567, 0.46876958, 0.77401018
Raw(g): 0.83118600, 0.54716998, 0.38387299 | Calib(g): 0.54406273, 0.54519504, 0.64239323 | CalibKalman(g): 0.37857279, 0.48941639, 0.73845303
Raw(g): 0.83149099, 0.35367799, 0.49897999 | Calib(g): 0.60938179, 0.53682566, 0.59734482 | CalibKalman(g): 0.44092727, 0.50222433, 0.70033175
Raw(g): 0.54265600, 0.27431700, 0.09296400 | Calib(g): 0.63831067, 0.51039374, 0.53551912 | CalibKalman(g): 0.49425161, 0.50443137, 0.65580660
Raw(g): 0.76622099, 0.33086398, 0.21313399 | Calib(g): 0.66866601, 0.48512381, 0.46979156 | CalibKalman(g): 0.54137075, 0.49921530, 0.60555351
Raw(g): 0.65257800, 0.20166600, 0.30127901 | Calib(g): 0.69544041, 0.45200396, 0.42470080 | CalibKalman(g): 0.58299363, 0.48646086, 0.55669504
Raw(g): 0.79678196, 0.35569099, 0.48989099 | Calib(g): 0.72273767, 0.43430597, 0.39829832 | CalibKalman(g): 0.62074637, 0.47237089, 0.51390320
Raw(g): 0.60652298, 0.25077099, 0.61280596 | Calib(g): 0.72566015, 0.40488833, 0.39342576 | CalibKalman(g): 0.64908946, 0.45414007, 0.48135546
Raw(g): 0.20819299, 0.23918100, 0.69747400 | Calib(g): 0.68052524, 0.37178981, 0.40808988 | CalibKalman(g): 0.65758204, 0.43189263, 0.46156231
Raw(g): 0.63433897, 0.32116500, 1.11105394 | Calib(g): 0.67205667, 0.34788010, 0.46921167 | CalibKalman(g): 0.66149247, 0.40919614, 0.46362883
Raw(g): 0.36227900, 0.38057899, 0.75414300 | Calib(g): 0.63274986, 0.33002451, 0.50953752 | CalibKalman(g): 0.65372747, 0.38780743, 0.47603133
Raw(g): 0.32671601, 0.21038900, 1.14118803 | Calib(g): 0.58134544, 0.29575229, 0.58468986 | CalibKalman(g): 0.63417304, 0.36293817, 0.50538611
Raw(g): 0.22191800, 0.16634700, 1.06841493 | Calib(g): 0.51931775, 0.27661905, 0.64122450 | CalibKalman(g): 0.60314417, 0.33961853, 0.54208368
Raw(g): 0.14518000, 0.21148700, 0.86131996 | Calib(g): 0.47882253, 0.27010426, 0.71742332 | CalibKalman(g): 0.56955791, 0.32083881, 0.58945274
Raw(g): -0.17439900, -0.14664400, 0.78397197 | Calib(g): 0.38312447, 0.22153330, 0.77417982 | CalibKalman(g): 0.51919174, 0.29401082, 0.63935792
Raw(g): -0.12718500, 0.32628900, 0.44334799 | Calib(g): 0.30392426, 0.23401232, 0.78835833 | CalibKalman(g): 0.46103591, 0.27780184, 0.67961133
Raw(g): 0.31835899, 0.10199200, 1.00229096 | Calib(g): 0.25521508, 0.20818588, 0.83922988 | CalibKalman(g): 0.40543213, 0.25899467, 0.72273326
Raw(g): 0.19404100, 0.10309000, 0.46421000 | Calib(g): 0.21331862, 0.19318232, 0.82458466 | CalibKalman(g): 0.35353148, 0.24121505, 0.75024903
Raw(g): -0.05386300, -0.00122000, 0.93024999 | Calib(g): 0.18662907, 0.16876939, 0.84771603 | CalibKalman(g): 0.30844176, 0.22164340, 0.77658033
Raw(g): 0.22222300, -0.15402500, 1.17766595 | Calib(g): 0.14468552, 0.12057586, 0.85443246 | CalibKalman(g): 0.26420200, 0.19433938, 0.79761255
Raw(g): -0.07338300, 0.11486300, 0.85192597 | Calib(g): 0.10037925, 0.09358730, 0.86421680 | CalibKalman(g): 0.21994427, 0.16712058, 0.81560612
Raw(g): -0.09241500, -0.04483500, 1.00771999 | Calib(g): 0.05778806, 0.06769061, 0.85108405 | CalibKalman(g): 0.17613676, 0.14025895, 0.82519072
Raw(g): 0.00256200, -0.03788100, 1.01223397 | Calib(g): 0.03548427, 0.04698097, 0.84557372 | CalibKalman(g): 0.13813862, 0.11505932, 0.83069730
Raw(g): 0.00286700, -0.04794600, 0.99887496 | Calib(g): 0.02096794, 0.02067089, 0.85925448 | CalibKalman(g): 0.10648423, 0.08955970, 0.83841223
Raw(g): 0.00134200, -0.04446900, 0.99021298 | Calib(g): 0.03880323, 0.03102183, 0.87965184 | CalibKalman(g): 0.08819979, 0.07374533, 0.84955335
Raw(g): 0.00091500, -0.04196800, 1.00198603 | Calib(g): 0.05167221, -0.00631384, 0.93502790 | CalibKalman(g): 0.07833164, 0.05211685, 0.87264484
Raw(g): 0.00012200, -0.04495700, 1.00656092 | Calib(g): 0.01932542, -0.02124591, 0.93551528 | CalibKalman(g): 0.06239074, 0.03229745, 0.88962966
Raw(g): -0.00347700, -0.03727100, 0.99326301 | Calib(g): -0.00083720, -0.03555227, 0.98798198 | CalibKalman(g): 0.04530932, 0.01396742, 0.91620016
Raw(g): -0.00134200, -0.03574600, 1.01186800 | Calib(g): 0.00447961, -0.03904960, 0.99606526 | CalibKalman(g): 0.03427892, -0.00035545, 0.93777621
Raw(g): 0.00347700, -0.03287900, 0.99753296 | Calib(g): -0.01769186, -0.02679585, 0.97823536 | CalibKalman(g): 0.02023869, -0.00749849, 0.94870651
Raw(g): 0.00311100, -0.04105300, 0.99893600 | Calib(g): -0.00996927, -0.04258946, 0.99280852 | CalibKalman(g): 0.01207783, -0.01697853, 0.96062094
Raw(g): 0.00164700, -0.04642100, 1.00845194 | Calib(g): -0.00041594, -0.04273513, 0.99286717 | CalibKalman(g): 0.00870256, -0.02393684, 0.96933246
Raw(g): 0.00268400, -0.04093100, 1.00613403 | Calib(g): -0.00040313, -0.04304326, 0.99226314 | CalibKalman(g): 0.00624260, -0.02909856, 0.97552735
Raw(g): -0.01494500, -0.04044300, 1.00387692 | Calib(g): -0.00221180, -0.04228690, 0.99276054 | CalibKalman(g): 0.00395859, -0.03266147, 0.98018301
Raw(g): 0.00646600, -0.03867400, 0.98386896 | Calib(g): -0.00168950, -0.04169851, 0.99213046 | CalibKalman(g): 0.00243272, -0.03510288, 0.98341066
Raw(g): -0.00305000, -0.04556700, 1.00082695 | Calib(g): -0.00209262, -0.04206347, 0.99201667 | CalibKalman(g): 0.00121017, -0.03698333, 0.98573565
Raw(g): -0.00012200, -0.04221200, 1.00107098 | Calib(g): -0.00211615, -0.04178490, 0.99147242 | CalibKalman(g): 0.00031155, -0.03828050, 0.98728549
Raw(g): 0.00176900, -0.04099200, 0.99033499 | Calib(g): -0.00158348, -0.04216053, 0.99118197 | CalibKalman(g): -0.00020041, -0.03932871, 0.98833817
