0.038637,-0.007330,-0.005803
0.003818,0.001833,0.001833
0.001985,-0.007178,0.000458
0.004429,-0.008705,-0.031918
0.004887,-0.012523,-0.000458
0.006720,-0.014508,0.035277
0.004887,-0.004276,-0.001985
0.003971,0.000916,0.037568
0.004887,-0.004887,-0.001985
0.002443,-0.007636,0.002902
0.002443,-0.036194,0.000000
0.003818,-0.009621,0.003818
0.001985,-0.007178,-0.006261
0.007178,-0.007178,-0.004429
0.000611,-0.037721,0.003818
0.001985,-0.001985,-0.001985
0.007178,-0.014355,0.004276
0.002443,-0.000916,0.003360
0.005345,-0.003360,0.001833
0.001985,-0.000916,0.008094
0.002902,-0.003360,0.004734
-0.000458,-0.001985,0.000916
0.003360,-0.006261,0.035277
0.005345,-0.002902,-0.000916
0.005803,-0.008705,0.037568
0.002902,-0.008705,0.000458
0.005345,-0.003360,0.009010
0.002902,-0.000458,0.001833
0.000611,-0.002902,-0.002443
0.001069,-0.010079,-0.003360
0.007789,-0.001985,0.005803
0.000000,-0.009621,-0.002902
-0.037110,-0.001527,-0.008705
0.002443,-0.006261,0.003360
0.002902,-0.004429,0.003360
0.002443,-0.001069,0.001985
0.028253,0.060781,-0.004276
-0.001374,0.008552,0.012065
-0.012370,-0.022602,0.003360
0.005345,0.010537,-0.056200
-0.000916,-0.015882,0.410654
-0.053451,0.010537,0.341932
0.021533,-0.029780,0.266795
0.380111,-0.065210,0.049327
2.032959,0.268170,-0.205556
3.106402,0.541837,-0.086285
3.623652,1.184926,-0.137597
4.009414,1.675298,0.092393
4.095851,1.916284,-0.118813
3.809508,2.713769,-0.316275
3.464522,1.743868,-0.323911
3.052952,0.887893,-0.371864
1.345583,-0.525039,0.182954
0.072693,-1.757765,0.260076
-1.386664,-1.956296,1.285108
-2.870761,-3.778354,1.182635
-4.222911,-4.192521,1.387122
-2.518903,-1.442711,0.686613
-0.916756,0.117439,-0.104458
-1.853976,-1.256703,0.782977
-2.520430,-1.520444,1.086271
-3.095407,-1.099710,0.588416
-3.202919,-3.184288,0.778700
-2.549599,-2.659555,0.910495
-2.933375,-2.835178,0.881173
-1.679116,-1.859016,0.642019
-2.353511,-2.555555,0.389121
-2.251802,-2.758362,0.049786
-1.854434,-2.220037,-0.709215
-2.300060,-2.122757,-1.537242
-1.749823,-1.261589,-1.778687
-1.662928,0.853990,-1.793806
-1.411404,0.126602,-1.739897
-1.555721,-0.697150,-1.617724
-1.409113,0.347124,-1.232421
-1.421942,0.760374,-1.015869
-1.895668,-0.033139,-1.431868
-2.641840,-0.552375,-1.790293
-3.426649,1.017091,-1.445765
-2.939025,1.275334,-0.723112
-2.960558,1.350165,-0.358883
-3.036611,1.789377,-0.162490
-1.950645,1.783116,-0.229074
-1.581530,0.599259,0.178678
-1.967291,0.878882,2.009747
-1.897042,1.023199,1.994780
-1.163851,-0.513127,0.942565
0.160199,-1.531439,0.244804
0.664011,-1.710270,0.411112
0.103236,-0.891863,2.606714
-0.218842,-0.268628,3.656029
0.054062,-0.518930,3.129921
-0.053451,-0.179442,3.113580
-0.263283,0.053145,4.681060
-0.419664,0.568105,4.935486
-0.459676,0.759916,4.229631
-0.454484,0.895681,2.865874
0.092852,0.655917,2.087327
0.040164,0.536034,1.543351
0.219453,0.589638,2.208431
0.125686,0.922865,2.348930
0.699899,1.481501,1.429425
0.281609,0.581544,1.231962
0.422566,1.618182,1.825571
0.238696,0.862084,2.133294
0.520610,0.634231,1.444238
0.496175,1.325730,1.921935
0.460287,1.226465,1.960267
0.427300,0.744645,1.973248
0.462272,1.838704,1.958892
-0.841772,1.322371,2.935818
0.044440,-0.330478,-0.603382
0.236099,0.026573,0.826043
0.097586,0.858724,2.084883
0.094226,0.586431,2.416430
0.098960,0.989602,1.844813
0.476628,0.960280,2.853962
0.946383,1.349249,2.858238
0.751517,0.117897,1.581683
0.907288,0.331700,1.425912
0.595135,0.089644,1.247692
0.361327,-0.657444,0.283594
0.475711,-0.298255,0.369879
-0.020922,-0.583071,-0.015424
-0.058185,-0.602313,-0.321162
-0.410196,-0.865443,-0.937831
-1.305877,-3.438408,-2.202780
-0.901484,-2.648711,-1.446681
-0.671952,-2.169641,-1.004415
-1.134224,-2.711478,-1.888948
-0.877050,-2.349540,-2.039832
-0.764192,-2.570979,-2.351373
-1.170112,-3.255148,-3.004999
-1.283275,-3.108540,-3.252246
-1.049008,-2.843883,-3.206279
-1.128421,-2.841440,-3.231172
-0.808633,-2.359620,-2.276542
-0.526719,-1.480127,-2.822350
0.059254,-2.044108,-3.224452
0.183107,-2.345722,-2.867860
-0.249538,-1.614364,-2.671924
0.221744,-0.038485,-3.678172
0.104763,0.402713,-3.175125
0.028711,-0.337198,-3.043330
0.418290,-0.144317,-3.046079
-0.401949,1.087798,-2.635425
-0.039554,1.840384,-1.688737
-0.744187,0.657291,0.417374
-1.248914,0.574366,1.293660
-0.767094,0.126602,2.092977
-1.894140,1.468062,3.771635
-0.954935,0.622319,2.416888
-0.989449,0.859640,2.510351
-2.592512,2.401159,3.547753
-3.091589,3.151606,3.122285
-1.810910,0.895070,1.927738
-1.571604,1.267698,0.925766
-1.078330,2.657264,2.125200
-1.953089,0.620334,2.676201
-1.170570,0.759458,1.875967
-0.670119,-0.393245,0.825584
-0.640950,-2.086716,0.914160
-0.203571,-1.246776,0.601397
0.199906,-0.668897,0.226173
-0.168752,-0.785420,-0.210901
1.147663,-2.243555,0.637285
0.522443,-1.240057,0.846201
0.523053,-1.722793,1.251052
0.494343,-1.952478,1.197449
0.852768,-2.028225,0.318108
-0.262825,-0.688140,0.108276
-0.451124,-0.661720,0.025351
0.532980,-0.919658,-0.273057
0.096517,-0.523664,-0.364687
0.198837,-0.917825,-0.136070
0.174555,-0.416763,0.089950
0.671188,-0.713032,-0.099266
0.705549,-0.496786,0.006261
0.371864,-0.090713,0.134238
0.140041,-0.105985,-0.024435
0.426842,-0.207236,-0.045051
-4.576144,5.003597,4.732984
0.040623,-2.519208,4.689612
0.631635,0.273362,1.858710
-0.483653,0.759000,-0.522901
-0.092699,0.469755,-0.732275
-0.158214,0.551764,-1.234406
-0.560927,-0.034514,-0.578337
-0.432493,0.447764,-0.378584
-0.641409,-0.006261,0.041692
-1.415833,0.342848,-0.070708
-0.730289,0.142790,-0.185550
-0.200669,-0.242666,-0.067653
0.243735,-0.817490,-0.252593
0.170279,-1.426523,-1.091616
0.177762,-1.318094,-1.535868
-1.455386,0.319330,-1.788308
-1.436755,0.414167,-2.835331
-1.747991,-0.198073,-4.897154
-2.314416,-0.902095,-5.003597
-2.652835,-1.888184,-5.003597
-2.884047,-3.400534,-3.809050
-0.938442,-1.796707,0.882089
-2.262798,-3.149316,-0.627664
-2.185370,-2.562885,-1.349401
-0.712116,-3.582266,-2.972318
-0.569174,-1.712713,-0.299019
-0.635605,0.202349,0.190895
-0.024282,0.321162,-0.602313
0.252440,0.206625,-1.203252
-0.195477,-0.140041,-2.171626
-0.476017,0.001374,-2.767830
-0.911411,0.386678,-4.253607
-0.296728,-0.067653,-5.003597
-0.026725,-0.246026,-4.774065
-0.662941,0.698524,-5.003597
-0.331242,0.628122,-5.003597
-0.301157,-0.101709,-5.003597
0.294895,0.109345,-2.221106
-0.766941,0.543670,-0.295659
-0.340252,-0.601855,-1.271669
0.530384,-0.067653,-5.003597
0.269544,0.199906,-5.003597
-0.777173,0.441503,-1.677589
-1.111775,0.255953,-4.164116
-0.706924,-0.558636,-5.003597
0.925461,-2.041206,-1.757612
0.686002,-0.196393,-1.107041
0.263894,1.554347,-0.687681
-0.428675,1.351539,-0.578337
0.357509,3.453221,-1.169196
1.865582,5.003597,-1.988061
-0.476017,5.003597,-1.370018
2.188272,5.003597,-1.754252
2.220190,5.003597,-1.924378
1.340238,4.265825,-2.133294
1.411862,3.846313,-2.216219
1.811063,3.746589,-1.590846
1.148121,3.441157,-1.603827
1.025795,2.278986,-0.752891
0.693027,2.370463,-0.479682
-0.224646,1.520902,-0.384082
0.056963,3.936416,-1.333519
0.319788,3.971846,-1.047939
0.353691,2.829375,-0.532369
0.220370,3.408170,-1.199434
1.402852,4.996419,-0.580780
2.963460,2.390163,0.318566
1.748449,0.647364,0.791529
2.025324,-0.262367,0.850019
1.559692,-0.349568,0.824668
1.491427,-0.121409,0.841467
1.398118,-0.215788,0.782977
0.326202,-0.551917,0.760985
2.445446,0.321162,-0.522290
4.692361,2.157118,-1.289537
4.412890,2.199268,-2.176971
3.863112,1.487304,-0.708145
2.552959,1.563968,-3.606854
0.940732,1.303586,-5.003597
-1.492649,0.419970,-5.003597
0.789696,2.150704,-5.003597
0.307876,4.009872,-5.003597
-0.228464,0.274431,1.475850
1.408655,-0.924545,-1.100779
0.768621,0.138514,-1.664760
-0.673937,2.865722,-1.242500
1.061684,1.122465,-2.567008
1.086882,0.545197,-3.866472
0.118966,1.144914,-4.035223
0.611934,0.003360,-4.014148
0.379958,0.348957,-4.289343
0.066890,0.523970,-5.003597
0.116217,0.463189,-5.003597
0.394924,0.124617,-0.723112
-0.301615,-0.019242,-5.003597
1.765706,0.705702,-0.481056
0.736093,-0.352011,-1.538159
0.780533,-0.500146,-0.634994
0.256258,0.051313,-0.071929
1.286329,1.448667,-2.969874
1.107041,5.003597,-3.237280
0.968527,-0.501520,-3.792251
0.424857,-0.306502,-1.173930
0.099876,0.164323,-1.460579
0.594066,-0.502437,-2.399784
0.864680,-1.656667,-1.301907
0.963640,0.665080,-2.357023
0.187841,0.197462,-0.323453
0.223729,-0.053298,-0.176387
-0.637132,-0.371253,-0.233503
-0.737467,-1.785559,-0.930653
-1.207833,-2.081371,-2.408642
-0.445932,-2.674979,-4.198172
0.409585,-4.041484,-3.689168
-0.196393,-2.595566,-4.002084
-1.055881,-2.534022,-4.333631
-0.324522,-3.031724,-5.003597
0.379958,-3.253315,-5.003597
-0.216399,-2.410780,-3.624569
0.504269,-2.336102,-3.703065
0.257174,-2.491414,-3.459635
0.403324,-1.880090,-3.355177
0.010079,-1.880549,-2.580447
-0.179747,-2.902373,-2.885117
0.428369,-2.786309,-1.808161
-0.165392,-2.096337,-1.603827
-0.868498,-1.197754,-1.049008
-0.020006,-0.771981,-0.307113
-0.418290,-0.853990,0.161421
-0.834136,-2.363437,-0.392481
0.170737,-5.003597,-1.137126
0.622777,-5.003597,-1.357037
0.711811,-5.003597,-0.929584
0.346513,-4.870581,-0.210901
0.310320,-4.396855,0.552069
0.188299,-1.246623,0.594219
0.047953,-0.802677,0.050855
0.465632,-2.361910,-0.206014
0.976468,-4.893489,-0.058490
1.383304,-5.003597,0.718683
0.791681,-5.003597,-0.053145
1.105666,-3.006373,-0.075136
0.785420,-3.174667,-0.049786
0.635300,-4.836525,0.269544
0.530536,-5.003597,0.268781
0.506255,-5.003597,-0.197920
0.843147,-1.410641,-0.199906
0.794888,-0.912938,-0.738842
0.360410,-2.091297,-0.455247
-0.099876,-1.535868,-0.108734
0.231823,-1.455997,-0.196546
-0.064446,-0.487623,0.097280
0.293063,-1.477836,0.783435
-0.073609,-1.144609,1.354594
-0.237474,-1.392009,0.339794
-0.349720,-1.709812,0.001833
-0.083689,-1.177595,0.601397
0.155160,-4.565607,0.144164
0.686460,-3.773467,0.799623
0.136681,-4.915022,0.438907
0.190285,-5.003597,-0.022602
-0.561538,-5.003597,-0.079107
-0.153327,-1.758834,-0.170126
0.682642,-2.142762,-0.333532
0.387747,-2.671772,-0.448070
0.043066,-2.461023,-0.472504
-0.013744,-0.425773,-0.536645
-1.622764,0.261756,0.286496
-1.234559,0.055589,0.546266
-0.751822,-0.003818,0.421650
-0.467923,0.486554,0.449902
-0.342237,-0.439212,0.258701
-0.592997,0.169210,1.233948
-0.607047,0.554666,0.173028
-0.384845,-0.676075,-0.398131
-0.057879,-0.675617,-0.412639
-0.079260,-2.063197,-0.566425
0.154396,-1.721876,-0.430202
0.576504,-0.795041,-1.100779
0.859487,-0.207694,-0.711200
1.855045,-0.821461,-1.470658
-0.367588,-1.271669,-2.879008
-0.939205,-1.213331,-2.782033
-1.041525,-0.972039,-2.310140
-2.440101,-1.554957,-2.477822
-3.049439,-1.000750,-2.199420
-3.446654,-0.622930,-1.827098
-2.171931,0.106901,-2.390621
-2.622750,0.647670,-1.095434
-3.336088,1.917811,-1.374294
-2.957657,-1.939955,-2.364507
-3.703065,-1.166142,-5.003597
-3.141222,2.341752,-3.032488
-2.420095,1.517542,-2.947883
-2.448653,1.607645,-3.060587
-1.916131,1.711186,-0.038790
-2.050980,1.672396,0.519388
-1.658041,1.475545,0.860556
-4.664567,2.507602,-3.636939
-3.502701,2.762638,-1.611004
-0.809702,0.905150,0.386678
-0.044440,0.137597,-0.130878
1.139874,0.188910,-0.346513
2.234087,0.011912,-0.266948
3.315776,0.225715,-1.351845
1.370782,0.884533,-1.500285
1.382846,1.204321,-1.373836
0.956920,0.491899,-0.660803
0.472962,0.374460,-0.415999
0.302073,-1.142165,0.244346
-0.495717,1.088867,-0.103084
-0.287259,2.500424,-0.203418
-0.117592,3.559970,-0.685238
-0.418748,2.629469,-0.423177
-0.730289,1.867720,0.024893
-1.048703,5.003597,-0.275500
2.100765,5.003597,-3.993531
1.208902,3.610824,0.387136
-1.629025,-0.269544,-0.173486
0.500451,0.909120,-0.128893
0.440739,0.957989,-0.440434
-0.686307,0.141873,-1.270752
1.004721,1.126741,-0.886518
1.768149,2.550210,-0.485332
1.908648,2.047315,-0.071471
2.217746,1.841606,-0.061850
2.934291,2.276084,-0.649044
1.563051,2.495232,-1.803121
2.826779,3.452152,-4.272850
1.810146,-0.547641,-4.867985
1.001361,1.800372,-5.003597
0.534965,-0.411418,2.075873
1.131475,0.290466,-0.077580
1.695915,0.934777,0.310014
1.323134,0.100640,-0.095906
0.927293,0.818865,0.124617
0.054062,0.472657,-0.520915
0.325591,0.633773,-0.459523
0.349873,1.009760,-1.068098
0.717919,1.276250,-1.386359
0.890947,2.713311,-2.506685
0.259007,3.584557,-2.531731
0.901943,4.630817,-2.871678
0.905302,5.003597,-3.303406
1.635286,0.913854,-2.790280
-1.398118,2.644741,-2.647795
-0.611323,1.457983,-0.878730
0.039706,1.068251,-1.023046
0.657749,1.773189,-2.342668
1.204626,3.710090,-0.713949
-0.337045,2.678033,-0.442725
-1.095434,3.038902,-0.392481
-0.730289,5.003597,-2.748130
-0.030238,0.261298,1.085355
-0.092699,0.115912,-0.055131
0.588874,-0.629649,-0.824668
-0.272446,-0.979675,-0.399659
-0.483805,0.442572,-0.760527
0.103236,-0.153480,-0.081551
0.045357,0.416152,-0.126602
-0.010537,1.019840,-0.156840
1.067792,4.273002,0.058490
0.967000,2.938109,-0.226173
0.867581,3.504381,0.071777
0.681573,5.003597,0.141873
0.120951,4.984813,0.041233
-0.469297,3.750865,0.445626
1.423469,5.003597,-0.947299
-0.045357,5.003597,-1.075276
-0.456469,5.003597,-0.508393
0.013286,4.836525,0.041233
-0.630413,3.308294,0.622930
1.133766,2.142762,0.323911
0.122937,4.480238,-0.433256
0.363770,1.882839,0.339641
-0.217468,1.314124,0.033292
-0.841772,4.119675,0.185856
0.980286,1.325730,0.308334
-1.028544,1.991268,-0.060323
-0.006720,3.547600,0.948216
-0.745103,4.848285,2.006234
-0.071166,2.183538,0.875828
-0.052076,-0.374460,0.618043
-0.129045,0.067501,-0.233809
-0.113774,1.162171,-0.345902
-0.121868,2.348930,-0.404393
0.422108,2.371379,0.223729
0.518319,4.124867,0.336892
2.657111,5.003597,-0.124158
2.433534,5.003597,-0.495564
0.616210,5.003597,-0.003512
0.521984,1.282970,-0.345597
0.349873,0.703259,-0.405920
1.320233,1.419193,-0.289397
-1.256092,3.827070,-1.248303
1.388497,5.003597,0.367435
1.936290,3.049897,0.597579
0.831235,1.346500,0.205098
0.161574,1.836261,-0.088270
2.660013,3.981467,-1.127504
2.956740,1.404379,-0.633925
4.284151,2.149482,-0.648281
3.499800,1.505936,-1.062906
4.281402,1.405295,-0.496481
3.563482,1.786017,-0.365603
3.052035,1.211498,-0.772439
3.508352,1.463786,-0.546266
5.003597,2.844647,-0.187077
3.871816,1.023657,-1.064280
1.313055,-0.144775,-0.051924
0.943634,0.455400,-0.471130
1.379486,0.183565,-0.931264
2.059685,0.230143,-1.315804
1.319774,-0.163101,-0.107818
-0.334601,0.709520,0.578337
1.385290,0.802524,-0.351706
0.285427,0.852921,-0.082925
-0.563065,1.955227,-0.160658
-1.063058,1.073596,-1.720807
0.327882,-0.038332,-0.879799
0.313068,0.536951,-0.069486
1.534341,0.830319,-0.068111
3.400381,0.463647,0.166308
0.915534,0.046884,0.555429
0.578795,-0.020617,-0.006261
3.904192,-0.981508,1.007164
5.003597,-1.617418,0.739300
5.003597,-1.582752,0.214108
2.890920,-1.027628,-1.751809
0.479529,-0.047342,-0.264963
0.727540,0.967916,0.342543
0.579864,0.324522,0.028711
0.808327,-0.131947,-0.122631
4.025144,-0.605826,0.131336
5.003597,-1.257313,0.264505
5.003597,-1.142165,0.172417
5.003597,-1.355968,0.552986
3.512322,-0.224951,0.048869
0.729068,0.068570,0.005803
1.565495,-0.614836,0.124617
2.176818,-0.594066,-0.269392
2.014175,-0.438754,0.051313
1.736537,-0.384082,0.136987
1.672549,-0.319330,0.155618
1.740355,-0.290161,0.506560
3.388469,0.012523,1.460426
-0.323606,0.406989,3.344182
2.184454,0.402713,3.665191
1.016174,0.488998,1.903303
1.352761,0.664011,1.276097
3.313486,0.486096,1.249219
2.933833,0.062308,0.449902
-0.670119,1.053895,0.569785
-0.137750,0.494801,-0.019242
0.665843,0.546114,0.410196
1.098488,1.432174,0.871094
0.749074,0.723417,0.279776
0.629497,0.162032,-0.048869
0.266795,-0.225409,0.025504
-0.002902,-0.482889,-0.683253
-0.550084,-0.054672,1.684308
-0.292452,-0.077274,3.464369
-3.743077,-1.151786,5.003597
-1.895668,-1.966375,2.242486
-2.860224,-0.559094,2.650850
-2.827695,-0.798859,2.049453
-1.521360,0.140957,2.461940
-1.211651,1.063669,1.847257
-0.697455,-0.137750,0.692874
-0.647670,-0.511141,0.248164
-0.346971,-0.304058,-0.115454
-0.593150,-0.073457,-0.294284
-0.584903,-0.764803,-0.049327
-0.254731,-0.408516,-1.505630
-0.910495,-1.020909,-2.748130
-0.726471,-0.665538,0.174097
-0.589332,-0.719294,0.305738
0.068875,-2.130851,0.028711
0.620486,-2.265088,-0.987158
0.749532,-2.737440,0.339183
0.721737,-2.531884,-0.087812
0.287870,-1.947286,0.052687
0.855211,-4.430605,2.629164
0.292604,-5.003597,2.736065
0.010537,-4.122577,1.609935
-0.027947,-3.043330,0.220370
-0.571617,-1.026101,-1.268920
-0.651335,-1.201114,-0.384387
-0.589790,-1.601078,0.224188
-1.527469,-3.250872,-0.299477
-1.999362,-3.240793,-0.183107
-0.431576,-4.194048,-0.526566
0.228464,-5.003597,-0.529315
-0.555887,-1.530981,-0.728915
-0.420581,-2.082898,-2.033570
-0.605062,-2.311667,-2.456289
0.339488,-1.142623,-0.641561
0.800081,-0.840551,-0.161574
1.367116,-1.264949,-0.174402
2.035708,-1.596191,-0.315817
1.833665,-1.353677,-0.381943
1.571604,-0.911106,-0.152869
1.817782,-0.866971,0.276417
2.160019,-0.864069,0.538630
2.813798,-0.501673,0.478613
4.367381,0.209069,0.243888
3.389386,0.016646,-0.097280
1.520902,0.787711,-0.009621
2.062586,0.250760,0.203113
2.794250,0.622777,0.514501
1.638035,-0.632551,-2.203696
2.829222,1.409572,-2.965140
2.479807,3.815159,-3.705967
0.597121,1.773494,-2.168724
0.323148,0.121257,-1.311986
0.645226,-0.554360,-1.713019
1.108415,-0.292757,-1.122770
1.880396,-0.309251,-0.281762
0.692568,-0.614989,-0.957379
1.438129,-0.459829,0.195477
1.889406,1.072527,1.417818
1.522734,2.207972,-0.078191
0.746172,1.354441,-1.062142
2.798526,0.815505,2.263103
2.638480,0.910953,0.071319
0.434936,0.977079,-0.734107
0.112399,0.691347,0.489303
0.199753,0.620334,0.157145
4.316679,1.036638,1.422094
1.285871,-0.329562,0.821308
-0.824515,-0.212428,1.372309
0.740369,-2.545628,0.611476
1.366047,-3.815312,0.659276
4.575228,-4.698775,-1.628261
0.317803,-1.073596,0.827417
0.289703,-0.460898,0.622014
0.869872,-0.139583,0.336281
2.506533,-2.999654,-0.441808
3.730248,-4.629442,2.151467
0.738536,-0.248469,-1.013731
1.001972,-0.036041,-1.266476
1.808772,-0.155923,-0.529467
2.964987,-3.225521,-0.434631
2.973081,-1.913230,0.359342
5.003597,1.724167,0.741743
1.869400,-0.560622,-1.871691
0.898125,-0.014355,-0.475253
1.121854,-0.188452,-1.092074
-0.028253,0.543365,-0.515723
2.498897,-1.353525,0.039706
2.533869,-2.478891,0.135612
3.970166,-2.747977,1.862986
3.873191,-4.609283,1.407281
2.409558,-4.843245,1.297630
3.230255,-2.718198,0.322995
1.870469,-1.515251,0.231518
1.379486,-1.989893,1.812132
0.676839,-1.505172,2.604729
1.447292,-2.583960,2.936124
0.478918,-0.833373,0.750448
0.259618,-0.719294,1.551139
0.592234,-1.079399,1.090089
1.897653,-3.713603,2.910926
3.041498,-3.183982,-0.082009
0.677755,-1.506088,0.439823
1.919644,-2.462092,1.114524
0.543975,-0.577268,1.421178
-0.175318,0.198837,1.259757
-0.276722,-0.169821,0.390496
0.303600,-0.748004,-0.086743
1.171945,-0.956157,0.593761
3.952909,-3.997960,5.003597
1.860695,0.531147,1.311069
0.464105,-1.261131,0.323148
0.549626,-3.472922,0.815505
-0.916756,-1.015105,2.261729
2.472630,-2.510198,1.565953
4.118301,-4.218024,2.770121
1.107041,-0.060476,1.309084
0.272904,-1.042900,1.164920
-0.987006,-2.228894,0.193950
-1.837330,-1.662317,0.080023
-2.380389,-1.972331,0.296117
-4.103487,-4.815451,-0.400575
-2.748435,-3.048523,2.067626
-2.481488,-5.003597,2.803719
1.537701,-4.093561,4.813466
-0.420123,-1.737759,2.198046
-0.668592,-1.805718,2.861140
-3.437949,-2.012954,5.003597
-4.170835,-2.756987,3.776369
-2.249359,0.195019,1.116051
-1.628414,-1.401172,-0.058948
-2.888476,-3.071125,-0.375224
-0.105069,-3.291647,1.322065
2.553875,-2.888476,-0.637285
0.504727,0.276111,-2.292424
-1.424385,-0.901179,-2.102598
-2.067321,0.422413,-0.242055
-2.371226,0.894154,-0.305738
-1.204932,0.533591,0.510836
-1.245554,0.524886,0.317650
-1.456914,0.712422,0.334449
0.243277,1.579239,-0.728762
-2.365270,2.921921,-0.002443
-0.883769,2.399784,0.611782
-0.851699,-0.467159,-0.644463
-0.962113,-1.263422,-0.827112
-0.725097,-1.226617,-0.475406
-1.297172,-1.593289,-0.445779
-1.748907,-1.130253,0.419817
-4.476573,-2.864500,-0.392939
-5.003597,-5.003597,1.173930
-4.065766,-1.248150,-0.118355
-3.180470,-1.992184,-1.692402
-1.661401,-1.264033,-0.324828
-3.353956,-1.438435,-0.273668
-2.388025,-0.637743,-0.299935
-2.264630,-1.021825,0.359342
-3.896862,-2.586403,1.762346
-1.503187,0.871094,0.384234
-1.167516,1.993101,1.572672
-1.298699,1.959198,1.232879
0.487623,2.484083,1.218065
-0.547793,-1.269683,-0.406989
0.375224,0.588721,0.047037
-1.057713,0.206625,-0.085216
-1.940566,-0.147219,-0.193186
-2.041512,-0.421039,0.741285
-1.824960,-1.087951,0.782060
-1.110400,-1.217913,1.023963
0.715476,0.162643,0.293826
-3.205821,-2.324648,0.797332
-1.950187,-1.435839,1.867720
-2.035708,-1.384832,0.963182
-1.516168,-1.502270,1.183551
-3.022256,-2.454457,0.715476
-5.003597,-3.755294,-1.229519
-0.595441,-1.361313,-0.678519
-4.159840,-1.437977,-2.109165
-3.387859,-1.781741,-0.489303
-2.733622,-1.966833,0.000000
-1.315804,-1.245707,0.319024
0.377667,0.076205,0.077122
-0.517250,-0.224951,0.479224
0.159283,-0.390343,-0.249233
-0.190743,-0.695012,0.384234
-1.948202,-1.290300,0.348804
-1.932472,-0.656527,0.783893
-3.127477,-1.037249,0.901332
-3.948633,-1.639868,-0.108734
-5.003597,-1.825418,0.014813
-4.699844,-3.717421,0.786794
-0.894765,0.399811,-0.115912
-0.645226,-0.096975,0.424093
-1.002124,-0.643088,0.279318
-1.449736,-0.668439,0.404393
-0.785725,-0.785420,0.239612
-1.666746,-0.934624,0.527635
-1.552972,-1.389566,0.516028
-1.375669,-0.959517,-0.043677
-1.407281,-1.443322,-0.113621
-0.658207,-1.459052,0.281151
0.004734,-3.015995,0.536645
0.630871,-4.996572,-0.487318
-0.683558,-2.916270,-1.579850
-0.952033,-1.671022,-0.195019
-0.226020,-1.568397,0.110719
-0.128129,-1.404990,-0.401949
0.283441,-1.700802,-1.257313
1.308321,-1.795180,-0.911869
1.867415,-3.380375,-0.727846
1.120938,-2.529287,-0.655917
0.428217,0.083841,-3.053563
0.373697,0.051771,-0.282220
0.359494,-0.122784,0.108734
-0.040164,-0.167377,0.416916
-0.980897,-0.312152,1.831832
-1.571145,-0.825279,1.331686
-1.325883,-1.120174,-0.078038
-1.533883,-0.891405,0.746630
-1.677283,-0.853531,0.773355
-1.815797,-0.770759,1.437519
-1.773342,-0.723570,1.017854
-0.379042,0.476017,-0.272140
-0.590249,-0.534202,0.754724
-0.858418,-0.981508,1.113149
-0.976163,-2.194075,3.333644
-1.466840,-3.415348,5.003597
-3.149468,-2.718656,5.003597
-5.003597,-0.549168,3.930459
-5.003597,-1.185384,2.335032
-4.480086,-1.173778,-0.030238
-2.965293,-0.857808,-0.925308
-2.925739,-0.564898,-2.155285
-1.240820,-4.647921,-0.926224
-1.300074,-0.063377,-0.913702
-1.316873,0.089797,0.256869
-3.261715,0.078649,-0.629191
-2.396119,1.082148,-0.661720
-2.045177,1.340086,-0.430355
-2.578310,0.446695,0.545197
-3.702760,0.813062,1.346500
-2.335949,0.942107,0.368504
-2.236530,0.788169,0.603688
-3.573867,1.171334,2.814714
-2.941469,0.251218,2.127033
-2.190563,0.862084,1.200808
-1.870775,-0.566883,2.040748
-0.639576,0.244957,0.714560
-1.437213,0.520457,0.377057
-5.003597,5.003597,-2.812271
-0.381943,0.724944,-2.748130
-0.909120,1.187522,-0.798248
-0.693637,-0.094073,0.205556
-0.554513,1.251357,-0.437074
-1.958281,5.003597,-1.563509
-0.246026,5.003597,0.339336
2.322052,0.726319,0.648892
1.606117,-0.405309,0.576046
1.376127,-0.246484,0.403477
0.312610,1.413848,-0.886060
2.129018,3.573867,-0.399659
1.313513,0.944092,-0.328187
1.787697,2.848923,-1.200656
1.634675,4.104709,-1.864972
1.135140,4.327217,-2.517070
1.395216,4.896849,-3.474907
1.587944,2.376724,-3.442836
2.714990,3.079677,-4.718934
4.468632,3.431993,-4.798041
5.003597,-0.815658,-2.474462
2.762333,-2.024407,-0.291383
3.208264,-0.376904,-0.889878
4.350888,1.290147,-0.557262
3.650378,-0.382249,1.175457
2.730262,1.167974,2.480266
-1.302976,1.795638,-0.756862
-0.296881,0.227242,0.783893
-0.347888,0.310167,0.640798
0.916298,-0.963793,0.099724
1.210735,-0.804204,-0.383776
1.136209,-0.922101,-0.800233
1.902845,-0.583682,-2.128713
3.956727,-1.258535,-1.869248
5.003597,-2.134210,-0.831388
2.833040,-4.956560,0.245873
0.024893,-5.003597,1.199892
-4.515363,-0.245415,5.000695
2.520430,1.804190,5.003597
-2.071597,-1.502728,0.270308
-1.330464,-1.198823,-0.665538
-0.961196,-0.485332,-0.115454
-1.026406,-2.312583,-0.513738
-1.624596,-2.037847,-0.476017
-2.603966,-2.779131,-0.503200
-3.639382,-1.975996,-0.111177
-2.273335,-1.464855,0.529926
-1.715462,-1.671480,0.507934
-1.432021,-0.929279,0.154702
-2.114052,-0.332769,0.017715
-2.791960,0.472199,-0.121715
-5.003597,0.244041,-1.094365
-4.361578,-3.301574,-1.082911
-1.781894,-5.003597,-0.953102
-2.119397,-2.151467,-0.424093
-2.951548,-1.697442,-0.631024
-2.350762,-0.663705,-0.435547
-4.174653,-1.655139,0.799317
-3.306155,-3.962072,0.536187
-2.751337,0.138056,1.205543
-1.954005,-0.357203,-0.304822
-0.346055,0.482736,-0.019700
0.053145,0.269850,0.237168
-0.173028,-0.088270,-0.173028
-1.649489,-2.659249,-2.119855
-1.532355,0.607964,-2.534327
-1.235169,-0.032223,-3.185051
-0.848950,-0.325591,-5.003597
0.710284,1.468520,-5.003597
1.905289,1.378570,-5.003597
2.431549,-1.439046,-4.241237
2.142304,-0.782518,-4.477948
2.380847,-0.059101,-4.954117
2.429106,0.134238,-4.377766
1.932320,-0.445932,-5.003597
1.713019,-0.835358,-4.267504
1.674840,-1.096198,-4.461149
0.849866,-0.278707,-1.932014
0.230449,-0.245110,-0.972192
0.394772,-0.651182,0.062308
1.568244,-1.789530,1.217607
4.077220,-2.760958,3.464369
-2.540436,-0.272904,2.842967
0.529620,0.169210,-0.451429
0.660040,1.226923,-1.018312
1.127963,-0.120951,-1.389108
0.766636,-0.836733,-0.484416
0.021075,-1.617877,-1.007164
-0.137597,-3.169932,-0.135154
0.458302,-1.272585,0.060323
0.527177,-1.329701,0.841467
0.677602,-2.716823,0.854295
-1.876578,-5.003597,0.483194
-0.208763,-5.003597,0.291383
1.351692,-4.639980,-1.382846
0.353691,1.515099,-0.190743
0.051160,-0.907746,-0.833831
0.650113,-1.083217,-1.334588
0.469450,0.464105,-0.802677
0.016188,-3.016605,-1.417818
0.524275,-1.760666,-1.496467
0.069333,-0.971734,-1.361313
-0.110872,-0.352011,-1.249219
0.162032,-1.677283,-1.519527
-0.185550,-1.044274,-1.921018
-0.473726,-1.514335,-2.155285
-0.487929,-1.611157,-1.022130
-0.768163,-3.241251,-1.307710
-0.744645,-2.595872,-2.303420
-0.002902,-4.191146,-2.547766
0.028711,-0.905302,-0.366672
0.895223,-1.851838,-0.397215
2.347402,-1.586722,-0.123700
2.129018,-3.026990,0.258701
-0.300088,-0.436005,0.251982
-0.081245,-1.087035,0.419817
0.713185,-0.830471,0.586431
0.576046,0.429591,0.459065
-0.106596,-0.335212,0.284205
0.370490,-1.146899,0.753350
0.240375,-0.023060,0.407294
-0.526260,-1.444696,0.165239
-0.434936,-2.716365,0.195477
-0.129962,-1.123839,-0.151342
-0.071166,0.034514,0.171500
-0.055894,-0.494954,-0.129809
-0.094684,-0.009621,-0.545044
0.003360,-1.756390,-2.127491
0.112857,-3.153134,-0.766483
0.228005,0.226173,-0.470977
-0.124311,-0.352469,-0.632856
-0.490830,-0.652709,-0.445168
-0.782060,-0.880868,-0.301004
-1.171029,-1.862681,-0.598037
-0.684474,-3.017369,0.168141
-0.806800,-3.250414,0.175318
-1.262811,-1.279305,-0.580322
-0.596052,-0.370642,-0.934471
0.236099,-0.743728,-0.462425
-0.285427,-1.976454,-0.837191
-0.223729,-3.243695,-0.533744
0.391870,-4.537812,-0.562301
0.041233,-4.380515,-0.324828
-0.365145,-1.420720,-0.589332
-0.109039,-0.424399,-0.206931
0.399659,-0.720668,-0.004734
1.130864,-2.387414,-0.052687
2.557693,-3.340975,0.708145
1.750434,-2.329382,0.008552
1.148579,0.714254,0.941038
0.609949,0.787558,-0.681878
1.715462,0.337961,0.593303
2.062586,0.100182,0.537561
2.509434,0.440128,0.587041
4.311945,1.381319,0.665080
4.837442,0.560469,-0.459523
3.371670,1.685835,0.447611
1.109179,1.536632,0.448070
0.647670,0.621403,0.266490
0.751364,1.679574,0.532827
0.753350,2.507144,0.682795
0.201738,1.762957,0.320552
0.657749,3.296381,0.414472
0.410043,5.003597,0.879799
-0.857960,4.975803,0.830471
-0.503811,4.062865,0.473421
-1.018618,2.300977,-0.498313
-0.773355,1.632385,1.282817
-0.509003,-0.173638,0.510378
0.127213,-0.433562,0.759916
-0.357509,-0.740369,-0.540005
-1.100321,0.181122,-1.588555
-2.123673,1.260062,-3.444364
-1.629483,1.943162,-3.344640
-0.151953,1.344362,-2.567466
-0.438296,1.800831,-1.729970
-0.189216,0.325897,-0.912785
-1.060615,0.914771,-3.164740
1.108415,-0.307418,-4.160145
1.016174,0.267406,-4.680602
0.839329,0.393092,-3.036611
1.582141,0.794430,-3.760181
1.603674,1.388955,-3.545920
2.574492,-0.132405,-3.891822
5.003597,-2.955366,-5.003597
4.933348,-1.417360,-5.003597
2.002264,0.599717,-4.971832
1.646129,0.904233,-4.093561
0.627664,0.474031,-1.441337
1.259910,0.703259,-3.090673
1.087951,-1.080315,-1.393384
1.912925,-1.569924,-1.344514
1.771356,-3.367853,-1.623374
4.024686,-3.129615,-1.056033
4.709160,-3.083037,3.232699
1.293965,-2.367255,0.043524
0.589790,-1.660943,0.478155
1.532966,-2.107332,-1.172556
1.727985,-0.109345,-2.008678
1.615586,-0.239612,-3.255912
0.494801,-1.610088,-1.795944
0.955393,-1.765706,-0.942107
1.344056,-3.639841,-2.454915
3.999793,-5.003597,1.431715
1.234100,-1.740508,-2.152842
2.339767,-2.491414,-3.342349
0.122326,-0.780686,-1.749060
-1.362688,-0.715018,-1.962252
-1.871691,-1.401630,-1.896584
-0.349873,-0.629191,-0.212276
0.775341,-1.260062,-1.551598
1.207375,-1.926669,-2.291966
0.838413,-1.905441,-1.613753
1.468825,-0.993114,-0.675617
2.379014,-2.492330,-2.814256
1.234253,-3.575089,-1.583210
2.388025,-5.003597,-1.241125
2.472630,-4.071722,-1.799304
4.140750,-2.877328,-2.369088
4.193895,-4.428467,-1.325883
4.036139,-3.578449,-2.208125
4.917465,-3.935652,-2.455373
3.691459,-3.254690,-1.539075
3.427107,-2.920089,-1.119869
3.786601,-2.717281,-0.788322
3.530496,-2.416125,-0.803135
2.503784,-1.910328,-1.206917
3.041498,-1.294729,-0.374155
1.939650,-1.221730,-0.080481
2.715449,-1.367116,-0.596968
3.513697,-1.592373,-1.036944
2.588694,-1.140485,0.362701
2.308613,-0.052229,0.246790
2.142762,3.720322,2.281276
0.278707,-0.015882,-0.369879
-0.095600,0.173944,-1.196074
1.066418,-0.254273,-1.335504
1.105055,0.186008,0.115454
2.259743,0.759000,-0.315359
1.862223,-0.325133,0.220370
0.792445,-0.718378,-0.007178
3.576311,-0.932638,-2.719572
5.003597,-0.653168,-2.167808
5.003597,-0.912480,-1.967444
5.003597,0.935845,0.384845
5.003597,0.976163,0.131794
1.047176,1.605201,0.457233
0.199295,1.049925,-0.096822
0.514807,0.394772,0.108734
-0.096517,-0.370184,0.532369
1.074054,1.713324,-0.966083
5.003597,5.003597,-0.945009
5.003597,5.003597,4.493677
5.003597,5.003597,1.483028
5.003597,5.003597,1.364673
3.668246,5.003597,-2.227215
2.566856,4.644103,-2.280971
3.069292,2.453846,-2.294257
3.303406,2.388636,-4.345390
0.745103,0.205098,-4.795903
1.736537,0.493274,-5.003597
-3.301879,4.152204,-1.591304
-0.709367,1.539533,-1.614822
1.355663,-1.452027,2.013106
-0.300698,0.950659,-1.887421
-2.885575,2.196671,-0.425009
-3.478266,2.683989,1.085355
-2.629927,2.354886,0.811687
-1.354594,2.612060,-1.260673
1.299158,3.329826,-0.148593
1.592984,4.614781,0.177304
0.032987,3.444516,-2.274709
0.987006,1.728443,-4.802317
-0.914771,-0.202960,-5.003597
-2.320066,-0.841161,0.821308
-2.271808,-0.964709,0.047189
-2.749810,0.680351,-0.611323
-2.680019,-0.405309,-0.457843
-2.930473,-0.738994,-0.350331
-1.512808,-0.773508,-0.230907
-1.401478,-1.159880,0.060323
-1.906663,-0.676686,0.624762
-2.593581,1.121549,1.840079
-2.393828,1.332450,0.965473
-5.003597,5.003597,0.496481
-5.003597,5.003597,-2.152536
-4.280791,2.214997,2.180331
-5.003597,5.003597,1.791668
-4.769789,3.550349,1.904372
-5.003597,3.716810,-0.543365
-5.003597,1.473407,-0.051771
-5.003597,1.009302,0.352164
-5.003597,1.043205,-3.188106
-5.003597,-2.332283,-0.111636
-4.678922,-1.007011,0.135459
-3.722002,-0.593761,-0.986089
-2.058158,-0.493426,-0.079565
-1.475545,3.137862,-4.059505
-1.374141,-1.101390,0.157145
-4.587140,-2.071749,1.871233
-0.893390,-0.905760,1.211346
-0.521526,-1.315346,1.015411
-2.184454,-2.700941,2.174527
-3.647476,-2.814103,1.122770
-1.793348,-2.513405,0.412639
-0.279624,-2.253634,-1.014342
-2.478280,-2.309223,0.303295
-1.539991,-1.308626,1.630857
-1.017091,-0.800844,1.129948
-0.940122,-2.229200,1.041983
-1.310153,-1.438588,0.574519
-2.329687,-0.823752,-0.056505
-1.374752,-1.417818,-0.153327
-3.627012,-4.276973,-1.047023
-2.802344,-4.877759,0.517097
1.034348,-1.511891,0.924239
-5.003597,-5.003597,1.039845
-1.638035,-5.003597,-1.773494
-0.954477,-5.003597,-0.962265
0.882395,-3.383735,-0.429744
2.585029,-3.571729,0.358883
2.991102,-4.953812,0.674701
2.811507,-4.077526,0.328340
2.390010,-3.711770,0.802219
2.889393,-2.778673,1.163240
0.903928,-3.788892,0.205098
-0.523817,-1.937206,-2.596941
-0.403477,-4.172515,-1.653612
-1.395216,-2.563802,-1.314429
-1.065349,-2.642909,-1.720196
-0.804968,-1.518153,-0.125991
-1.054506,-0.044135,0.001985
-0.673937,-1.591457,0.850477
-0.562607,-5.003597,2.273793
-1.044885,-3.814853,2.679560
-0.469297,-2.642909,1.871233
-0.916298,-0.852615,1.145220
0.402866,-1.696984,1.570229
0.634994,-1.450958,1.331228
0.753808,-0.521221,0.763123
1.051605,-1.677741,1.372920
0.441656,-0.312152,0.301920
0.304516,0.185550,-0.381943
1.153314,-1.818699,0.136528
0.912480,-1.269836,0.112094
1.053437,-2.061365,0.136987
1.547780,-5.003597,2.205224
1.685835,-3.256217,1.955074
-2.981175,-3.947564,-2.463467
1.021061,-3.485902,-0.578337
0.329867,-2.711020,-0.071929
0.530536,-5.003597,-0.665996
-0.009621,-5.003597,-2.003027
-0.000153,-4.926476,-1.377196
1.139569,-2.413223,0.299477
-1.526247,-3.343418,-0.511294
-1.931098,-3.317609,-1.171487
-1.311069,-4.147011,-3.321580
0.313068,-3.427870,-2.456136
1.019076,-2.432007,-1.079093
1.488984,-4.625624,-0.559247
0.311236,-3.999335,0.318719
0.077427,-2.677422,0.415999
-0.783893,-2.067321,0.713491
-0.525344,-2.269517,-0.115454
-1.102154,-2.676506,0.605215
0.392939,-1.063516,-0.115912
1.376127,-0.566119,0.383776
2.245541,-0.521221,0.459523
3.598760,-1.625970,1.881312
4.246277,-1.842217,4.375322
4.029420,-2.269975,2.873663
4.294230,-2.203238,1.258382
2.608853,-2.901457,1.220051
1.501812,-2.932153,0.940580
1.304350,-3.618155,1.098947
1.911397,-5.003597,1.337948
0.740369,-5.003597,2.574644
0.987464,-5.003597,1.461037
1.734552,-5.003597,1.957976
5.003597,-5.003597,3.460093
5.003597,-2.510656,2.517987
0.485638,-1.666288,-0.184939
-0.679740,-1.324814,-0.438907
-1.713172,-0.684322,0.080023
-0.400575,-0.629649,-0.584598
-1.151481,-2.127033,-0.070860
5.003597,-5.003597,2.424677
2.575408,-3.107624,0.544892
1.222647,-1.105666,-0.424093
1.503797,-1.272585,-1.448820
2.853046,-3.432757,0.027794
2.741716,0.181122,0.655917
1.720655,-1.799151,-0.160505
2.075415,-5.003597,4.479322
4.102418,-5.003597,5.003597
1.451110,-3.441309,4.148233
0.451735,-1.908801,0.393397
0.445932,-1.766470,0.448986
0.969901,-4.582864,0.628733
1.977829,-5.003597,-0.068570
2.182011,-5.003597,-0.702953
2.794250,-3.802789,-0.124617
0.436463,-2.816089,0.286954
0.445168,-3.158326,-0.655458
0.606589,-3.870900,-0.669356
1.915826,-5.003597,-1.848631
4.066683,-5.003597,-1.446376
5.003597,-5.003597,-0.477238
-0.658207,-1.570840,0.814131
2.391385,1.076650,-0.377973
1.360855,-2.586403,-0.838565
2.364048,0.418748,-0.771370
3.719100,1.362993,-2.057547
3.590666,2.336102,-1.611462
1.456455,0.561843,-0.618043
4.093866,-2.526386,0.095753
1.966986,-0.738536,-0.266948
1.803427,-0.313679,-0.278402
2.407114,-2.044108,-0.273668
2.828764,-2.146275,-0.955088
3.957796,-4.018119,1.124603
3.338226,-3.056770,0.912785
2.335490,-1.910787,-0.018631
1.507157,-0.890031,0.191201
3.347389,-0.377515,-0.443641
1.361771,0.781907,1.969888
1.723098,-0.682337,-0.689972
1.682934,-1.039998,0.069486
1.388497,-0.389121,-0.012523
1.140027,0.211818,1.685225
3.113580,-0.935082,2.076789
2.660471,-1.087951,0.938136
3.354414,-0.016799,2.995836
1.366964,-0.429744,0.981355
0.610865,-2.139403,0.830471
0.005803,-2.348013,0.181580
1.659568,-3.459024,1.245860
-0.042608,-5.003597,2.226298
0.900110,-5.003597,-0.300240
-3.524692,-4.775134,1.502270
-2.525622,-3.111442,-0.330173
-3.416722,-3.015536,-3.484070
-4.110665,-5.003597,-5.003597
-5.001459,-1.195005,-2.871219
-0.782977,0.534049,-0.128434
-1.800067,-0.431882,-1.288468
-1.944537,-0.358731,0.500299
0.031612,0.810924,1.078635
0.940732,-3.277292,-5.003597
0.401491,-0.450819,-1.876883
0.370948,-2.118939,-3.008817
-1.637577,-1.229061,-2.291356
-1.893682,-4.055687,-3.668093
-5.003597,-2.710562,-2.509587
-2.895043,-2.954602,1.408350
0.057879,-0.157756,-1.128115
-0.526260,-1.039540,-1.343598
-1.775633,1.388497,-1.255939
-1.357953,1.145678,-0.704786
-1.390024,0.575740,-0.094837
-2.630844,0.561385,-0.427300
-1.901013,-0.093157,0.061850
-0.121868,0.032223,-0.185398
-2.354122,1.996002,0.003360
-2.451097,4.096462,-1.691028
0.993725,0.884533,-0.282220
-0.394772,-1.799609,0.384845
-5.003597,-1.247234,-1.943010
-2.319150,-1.275945,-0.442725
-4.220468,0.537409,-0.034972
-3.967264,1.467604,-1.005942
-1.881312,0.461661,1.352761
-2.406656,-1.591915,3.848909
0.784809,-0.812756,3.231019
1.465008,-1.313818,-1.028697
1.835039,-1.094212,-0.167683
2.362674,-0.537561,0.945925
1.348790,1.419651,0.374766
0.052993,1.511739,-0.618196
1.173472,0.890183,0.159130
-0.211207,-1.319622,0.536187
0.569326,1.217302,-0.384234
1.279152,-1.805260,-0.123089
0.568410,-0.174097,-0.064599
-0.307113,-0.412945,0.067042
-0.030085,-0.114690,0.080481
0.087659,-0.116064,-0.203113
0.094684,-0.439365,0.143706
0.526260,-0.955241,-0.213192
0.838871,-1.522429,-0.231365
-0.932638,-4.762916,-0.409127
1.318858,0.996168,0.718683
-0.227547,0.128434,-0.431271
0.020006,0.013897,-0.562149
0.002902,-0.006261,-0.021533
0.006261,-0.004887,-0.009163
0.002443,-0.001985,-0.001985
0.002902,-0.001985,0.002902
0.002443,-0.002443,0.000916
0.006720,-0.000611,0.007178
0.005192,-0.002902,-0.002443
0.001833,-0.006261,-0.003818
0.005192,-0.008247,0.000458
-0.003360,-0.002902,-0.000916
0.006261,-0.011148,0.000916
0.006109,-0.003360,0.002443
0.004734,-0.001985,0.037110
0.005192,-0.005803,0.002902
0.007178,-0.005345,-0.001833
0.007636,-0.005345,-0.000916
0.004276,0.002291,0.000000
0.006720,-0.009621,-0.006261
0.008094,-0.009163,-0.004734
0.000458,-0.003971,-0.000458
0.005192,-0.007330,0.006720
0.009621,-0.007330,0.001069
0.036194,-0.001985,0.001833
0.004734,-0.002902,0.000916
0.004276,-0.003512,0.002443
0.004276,-0.001069,0.002902
0.006261,-0.007330,0.002443
0.005192,-0.007330,-0.038179
0.005803,-0.004887,-0.001985
0.001374,-0.007789,-0.009621
0.009621,-0.003971,0.003818
0.004276,-0.004429,0.004734
0.001374,-0.000611,-0.001374
0.005192,-0.006872,-0.001374
0.004734,-0.004887,-0.000458
0.005803,-0.010690,-0.002443
0.000458,-0.006261,0.000000
0.001374,0.002749,-0.001985
0.000916,-0.003971,0.001374
0.004276,-0.004429,0.000458
0.003818,-0.005803,-0.002902
0.003818,-0.001527,-0.001833
0.003360,-0.007789,0.036805
0.008552,-0.003971,0.000000
0.006720,-0.005345,-0.036652
0.007178,-0.006261,0.000000
0.002443,-0.005345,-0.005192
0.007636,-0.034819,0.010079
-0.000458,-0.010690,0.004276
0.001833,-0.006720,0.002902
0.003818,-0.001069,-0.003360
0.007178,-0.008247,0.003818
0.001833,-0.004887,0.012523
0.003360,-0.003971,0.003360
0.002902,-0.003512,0.005803
0.007178,0.001374,0.000000
0.006261,0.001374,0.001374
0.003818,-0.006720,-0.038637
0.001374,-0.007330,0.004887
0.002902,-0.003971,0.038179
0.005803,-0.003360,-0.001374
0.005803,-0.010079,0.037263
0.008094,-0.012523,-0.003818
0.000916,-0.000153,0.005803
