gx,gy,gz
0.002,-0.002,-0.004
0.001,-0.002,-0.004
0.001,-0.002,-0.003
0.002,-0.002,-0.004
0.002,-0.002,-0.004
0.001,-0.002,-0.003
0.001,-0.002,-0.004
0.002,-0.002,-0.004
0.002,-0.002,-0.003
0.001,-0.002,-0.004
0.002,-0.002,-0.004
0.002,-0.002,-0.003
0.001,-0.002,-0.004
0.001,-0.002,-0.004
0.001,-0.002,-0.003
0.001,-0.002,-0.004
0.002,-0.002,-0.004
0.002,-0.002,-0.004
0.002,-0.002,-0.003
0.002,-0.002,-0.003
0.002,-0.002,-0.004
0.001,-0.002,-0.004
0.001,-0.002,-0.004
0.001,-0.002,-0.004
0.002,-0.002,-0.004
0.002,-0.002,-0.004
0.002,-0.002,-0.004
0.002,-0.002,-0.004
0.002,-0.002,-0.004
0.001,-0.002,-0.004
0.001,-0.002,-0.004
0.001,-0.002,-0.004
0.002,-0.002,-0.004
0.002,-0.002,-0.003
0.002,-0.002,-0.003
0.002,-0.002,-0.003
0.002,-0.002,-0.004
0.001,-0.002,-0.004
0.001,-0.002,-0.004
0.002,-0.002,-0.004
0.001,-0.002,-0.004
0.002,-0.002,-0.003
0.001,-0.002,-0.004
0.002,-0.002,-0.004
0.001,-0.002,-0.004
0.002,-0.002,-0.003
0.002,-0.002,-0.004
0.002,-0.002,-0.004
0.002,-0.002,-0.003
0.002,-0.002,-0.004
0.002,-0.002,-0.004
0.002,-0.002,-0.004
0.002,-0.002,-0.003
0.002,-0.002,-0.003
0.002,-0.002,-0.003
0.002,-0.002,-0.003
0.001,-0.002,-0.003
0.001,-0.002,-0.003
0.001,-0.002,-0.003
0.001,-0.002,-0.003
0.001,-0.002,-0.004
0.002,-0.002,-0.004
0.001,-0.002,-0.004
0.001,-0.002,-0.004
0.002,-0.002,-0.003
0.002,-0.002,-0.003
0.002,-0.002,-0.003
0.001,-0.002,-0.003
0.002,-0.002,-0.004
0.001,-0.002,-0.003
0.001,-0.002,-0.004
0.002,-0.002,-0.004
0.002,-0.002,-0.004
0.001,-0.002,-0.004
0.001,-0.002,-0.003
0.002,-0.002,-0.004
0.002,-0.002,-0.004
0.001,-0.002,-0.004
0.001,-0.002,-0.003
0.002,-0.002,-0.004
0.002,-0.002,-0.003
0.001,-0.002,-0.004
0.002,-0.002,-0.004
0.002,-0.002,-0.004
0.002,-0.002,-0.004
0.002,-0.002,-0.003
0.001,-0.002,-0.004
0.002,-0.002,-0.004
0.001,-0.002,-0.004
0.001,-0.002,-0.004
0.001,-0.002,-0.003
0.001,-0.002,-0.003
0.001,-0.002,-0.004
0.001,-0.002,-0.004
0.002,-0.002,-0.004
0.001,-0.002,-0.004
0.001,-0.002,-0.004
0.001,-0.002,-0.004
-0.0,-0.002,-0.004
-0.007,-0.008,-0.004
-0.008,-0.008,-0.004
0.011,0.004,-0.003
0.006,0.001,-0.003
-0.003,-0.005,-0.004
-0.004,-0.006,-0.004
0.002,-0.001,-0.003
0.002,-0.002,-0.004
-0.001,-0.004,-0.004
-0.001,-0.004,-0.004
0.0,-0.002,-0.004
0.001,-0.002,-0.003
0.001,-0.002,-0.004
0.0,-0.002,-0.004
0.0,-0.003,-0.004
0.001,-0.002,-0.004
0.002,-0.002,-0.004
0.001,-0.002,-0.003
0.001,-0.002,-0.004
0.001,-0.002,-0.003
0.002,-0.002,-0.004
0.001,-0.002,-0.003
0.001,-0.002,-0.004
0.001,-0.002,-0.004
0.001,-0.002,-0.004
0.001,-0.002,-0.003
0.002,-0.002,-0.003
0.001,-0.002,-0.004
0.001,-0.002,-0.004
0.001,-0.002,-0.004
0.001,-0.002,-0.003
0.001,-0.002,-0.004
0.002,-0.002,-0.004
0.002,-0.002,-0.004
0.002,-0.002,-0.004
0.001,-0.002,-0.003
0.001,-0.002,-0.003
0.001,-0.002,-0.003
0.002,-0.002,-0.004
0.001,-0.002,-0.004
0.001,-0.002,-0.004
0.002,-0.002,-0.004
0.001,-0.002,-0.003
0.001,-0.002,-0.004
0.002,-0.002,-0.004
0.002,-0.002,-0.003
0.002,-0.002,-0.004
0.002,-0.002,-0.003
0.001,-0.002,-0.004
0.001,-0.002,-0.004
0.001,-0.002,-0.004
0.001,-0.002,-0.004
0.001,-0.002,-0.004
0.001,-0.002,-0.003
0.001,-0.002,-0.003
0.001,-0.002,-0.003
0.001,-0.002,-0.003
0.002,-0.002,-0.004
0.002,-0.002,-0.003
0.002,-0.002,-0.004
0.001,-0.002,-0.004
0.001,-0.002,-0.004
0.002,-0.002,-0.004
0.001,-0.002,-0.004
0.001,-0.002,-0.004
0.002,-0.002,-0.003
0.002,-0.002,-0.003
0.001,-0.002,-0.004
0.002,-0.002,-0.004
0.002,-0.002,-0.004
0.002,-0.002,-0.004
0.001,-0.002,-0.004
0.001,-0.002,-0.003
0.002,-0.002,-0.003
0.002,-0.002,-0.003
0.002,-0.002,-0.004
0.001,-0.002,-0.004
0.002,-0.002,-0.004
0.002,-0.002,-0.004
0.002,-0.002,-0.004
0.002,-0.002,-0.004
0.002,-0.002,-0.004
0.002,-0.002,-0.004
0.001,-0.002,-0.004
0.001,-0.002,-0.004
0.001,-0.002,-0.004
0.002,-0.002,-0.004
0.001,-0.002,-0.003
0.002,-0.002,-0.004
0.001,-0.002,-0.003
0.001,-0.002,-0.003
0.002,-0.002,-0.003
0.002,-0.002,-0.004
0.002,-0.002,-0.004
0.001,-0.002,-0.004
0.001,-0.002,-0.003
0.001,-0.002,-0.003
0.002,-0.002,-0.004
0.001,-0.002,-0.004
0.002,-0.002,-0.004
0.002,-0.002,-0.003
0.002,-0.002,-0.004
0.001,-0.002,-0.003
0.001,-0.002,-0.004
0.002,-0.002,-0.004
0.001,-0.002,-0.004
0.001,-0.002,-0.004
0.001,-0.002,-0.004
0.001,-0.002,-0.004
0.002,-0.002,-0.004
0.001,-0.002,-0.003
0.001,-0.002,-0.004
0.001,-0.002,-0.004
0.001,-0.002,-0.004
0.002,-0.002,-0.003
0.001,-0.002,-0.004
0.001,-0.002,-0.004
0.002,-0.002,-0.004
0.002,-0.002,-0.004
0.002,-0.002,-0.003
0.001,-0.002,-0.004
0.001,-0.002,-0.003
0.001,-0.002,-0.004
0.001,-0.002,-0.003
0.001,-0.002,-0.004
0.002,-0.002,-0.004
0.002,-0.002,-0.004
0.001,-0.002,-0.004
0.001,-0.002,-0.003
0.002,-0.002,-0.004
0.002,-0.002,-0.004
0.002,-0.002,-0.004
0.002,-0.002,-0.004
0.002,-0.002,-0.003
0.001,-0.002,-0.004
0.001,-0.002,-0.003
0.001,-0.002,-0.004
0.002,-0.002,-0.004
0.002,-0.002,-0.004
0.002,-0.002,-0.004
0.002,-0.002,-0.004
0.001,-0.002,-0.004
0.001,-0.002,-0.004
0.001,-0.002,-0.004
0.002,-0.002,-0.003
0.001,-0.002,-0.004
0.002,-0.002,-0.004
0.002,-0.002,-0.004
0.002,-0.002,-0.004
0.002,-0.002,-0.003
0.001,-0.002,-0.004
0.001,-0.002,-0.004
0.001,-0.002,-0.004
0.001,-0.002,-0.003
0.001,-0.002,-0.004
0.001,-0.002,-0.004
0.002,-0.002,-0.003
0.002,-0.002,-0.004
0.001,-0.002,-0.003
0.002,-0.002,-0.004
0.002,-0.002,-0.004
0.001,-0.002,-0.004
0.001,-0.002,-0.003
0.001,-0.002,-0.004
0.001,-0.002,-0.004
0.002,-0.002,-0.004
0.002,-0.002,-0.004
0.002,-0.002,-0.004
0.001,-0.002,-0.004
0.002,-0.002,-0.003
0.001,-0.002,-0.004
0.001,-0.002,-0.004
0.001,-0.002,-0.004
0.001,-0.002,-0.003
0.002,-0.002,-0.003
0.001,-0.002,-0.003
0.002,-0.002,-0.003
0.002,-0.002,-0.004
0.002,-0.002,-0.004
0.002,-0.002,-0.004
0.001,-0.002,-0.004
0.001,-0.002,-0.003
0.001,-0.002,-0.003
0.001,-0.002,-0.004
0.001,-0.002,-0.003
0.001,-0.002,-0.004
0.001,-0.002,-0.003
0.001,-0.002,-0.004
0.001,-0.002,-0.004
0.002,-0.002,-0.004
0.002,-0.002,-0.004
0.002,-0.002,-0.004
0.001,-0.002,-0.004
0.001,-0.002,-0.004
0.001,-0.002,-0.004
0.001,-0.002,-0.003
0.002,-0.002,-0.004
0.001,-0.002,-0.004
0.001,-0.002,-0.004
0.002,-0.002,-0.003
0.001,-0.002,-0.004
0.001,-0.002,-0.004
0.001,-0.002,-0.003
0.001,-0.002,-0.004
0.001,-0.002,-0.003
0.001,-0.002,-0.004
0.002,-0.002,-0.004
0.001,-0.002,-0.003
0.002,-0.002,-0.004
0.002,-0.002,-0.004
0.002,-0.002,-0.004
0.002,-0.002,-0.004
0.001,-0.002,-0.004
0.002,-0.001,-0.004
0.002,-0.002,-0.003
0.002,-0.002,-0.004
0.002,-0.002,-0.004
0.001,-0.002,-0.004
0.001,-0.002,-0.004
0.002,-0.002,-0.004
0.002,-0.002,-0.004
0.001,-0.002,-0.004
0.002,-0.002,-0.003
0.002,-0.002,-0.003
0.001,-0.002,-0.004
0.001,-0.002,-0.003
0.001,-0.002,-0.004
0.001,-0.002,-0.004
0.001,-0.002,-0.004
0.001,-0.002,-0.003
0.001,-0.002,-0.003
0.002,-0.002,-0.004
0.002,-0.002,-0.003
0.002,-0.002,-0.004
0.001,-0.002,-0.004
0.001,-0.002,-0.003
0.002,-0.002,-0.003
0.001,-0.002,-0.004
0.001,-0.002,-0.004
0.002,-0.002,-0.004
0.002,-0.002,-0.004
0.001,-0.002,-0.003
0.001,-0.002,-0.004
0.001,-0.002,-0.004
0.001,-0.002,-0.003
0.001,-0.002,-0.003
0.001,-0.002,-0.004
0.001,-0.002,-0.004
0.001,-0.002,-0.004
0.001,-0.002,-0.004
0.002,-0.002,-0.003
0.001,-0.002,-0.004
0.001,-0.002,-0.004
0.001,-0.002,-0.004
0.002,-0.002,-0.003
0.001,-0.002,-0.004
0.002,-0.002,-0.004
0.001,-0.002,-0.003
0.001,-0.002,-0.003
0.001,-0.002,-0.003
0.001,-0.002,-0.004
0.001,-0.002,-0.004
0.001,-0.002,-0.004
0.002,-0.002,-0.004
0.002,-0.002,-0.004
0.002,-0.002,-0.004
0.001,-0.002,-0.004
0.002,-0.002,-0.004
0.001,-0.002,-0.004
0.002,-0.002,-0.004
0.001,-0.002,-0.004
0.002,-0.002,-0.004
0.002,-0.003,-0.004
0.001,-0.002,-0.004
0.001,-0.002,-0.003
0.001,-0.002,-0.004
0.002,-0.002,-0.003
0.002,-0.002,-0.003
0.002,-0.002,-0.004
0.001,-0.002,-0.003
0.002,-0.002,-0.003
0.002,-0.002,-0.003
0.001,-0.002,-0.004
0.001,-0.002,-0.004
0.001,-0.002,-0.004
0.001,-0.002,-0.003
0.001,-0.002,-0.004
0.002,-0.002,-0.004
0.002,-0.002,-0.004
0.001,-0.002,-0.004
0.002,-0.002,-0.004
0.002,-0.002,-0.004
0.002,-0.002,-0.004
0.001,-0.002,-0.004
0.001,-0.002,-0.004
0.002,-0.002,-0.004
0.001,-0.002,-0.004
0.001,-0.002,-0.003
0.001,-0.002,-0.004
0.001,-0.002,-0.004
0.002,-0.002,-0.004
0.002,-0.002,-0.003
0.002,-0.002,-0.003
0.002,-0.002,-0.004
0.002,-0.002,-0.004
0.002,-0.002,-0.003
0.002,-0.002,-0.004
0.002,-0.002,-0.004
0.001,-0.002,-0.003
0.001,-0.002,-0.003
0.001,-0.002,-0.004
0.001,-0.002,-0.004
0.001,-0.002,-0.004
0.001,-0.001,-0.004
0.001,-0.002,-0.004
0.001,-0.002,-0.004
0.001,-0.002,-0.004
0.002,-0.002,-0.003
0.001,-0.002,-0.004
0.002,-0.002,-0.003
0.002,-0.002,-0.004
0.002,-0.002,-0.004
0.002,-0.002,-0.003
0.002,-0.002,-0.003
0.002,-0.002,-0.003
0.001,-0.002,-0.003
0.001,-0.002,-0.004
0.001,-0.002,-0.004
0.001,-0.002,-0.004
0.001,-0.002,-0.004
0.001,-0.002,-0.004
0.002,-0.002,-0.004
0.002,-0.002,-0.003
0.001,-0.002,-0.003
0.001,-0.002,-0.004
0.001,-0.002,-0.004
0.001,-0.002,-0.004
0.002,-0.002,-0.004
0.002,-0.002,-0.004
0.002,-0.002,-0.004
0.002,-0.002,-0.004
0.001,-0.002,-0.004
0.002,-0.002,-0.004
0.002,-0.002,-0.004
0.002,-0.002,-0.003
0.001,-0.002,-0.003
0.001,-0.002,-0.003
0.001,-0.002,-0.004
0.001,-0.002,-0.004
0.002,-0.002,-0.004
0.002,-0.002,-0.003
0.001,-0.002,-0.004
0.001,-0.002,-0.004
0.001,-0.002,-0.004
0.001,-0.002,-0.003
0.001,-0.002,-0.004
0.002,-0.002,-0.004
0.002,-0.002,-0.003
0.001,-0.002,-0.004
0.002,-0.002,-0.004
0.002,-0.002,-0.004
0.001,-0.002,-0.004
0.001,-0.002,-0.004
0.001,-0.002,-0.004
0.001,-0.002,-0.004
0.001,-0.002,-0.004
0.001,-0.002,-0.004
0.001,-0.002,-0.004
0.002,-0.002,-0.004
0.002,-0.002,-0.004
0.002,-0.002,-0.004
0.002,-0.002,-0.004
0.001,-0.002,-0.004
0.001,-0.002,-0.004
0.001,-0.002,-0.004
0.001,-0.002,-0.004
0.002,-0.002,-0.004
0.001,-0.002,-0.004
0.002,-0.002,-0.003
0.002,-0.002,-0.004
0.001,-0.002,-0.003
0.002,-0.002,-0.004
0.002,-0.002,-0.004
0.002,-0.002,-0.004
0.002,-0.002,-0.004
0.002,-0.002,-0.003
0.001,-0.002,-0.004
0.002,-0.002,-0.004
0.002,-0.002,-0.004
0.002,-0.002,-0.003
0.002,-0.002,-0.003
0.002,-0.002,-0.004
0.001,-0.002,-0.004
0.002,-0.002,-0.004
0.002,-0.002,-0.004
0.002,-0.002,-0.004
0.002,-0.002,-0.003
0.001,-0.002,-0.004
0.002,-0.002,-0.004
0.002,-0.002,-0.003
0.001,-0.002,-0.003
0.001,-0.002,-0.004
0.001,-0.002,-0.004
0.002,-0.002,-0.004
0.001,-0.002,-0.003
0.001,-0.002,-0.004
0.002,-0.002,-0.003
0.001,-0.002,-0.003
0.001,-0.002,-0.003
0.001,-0.002,-0.003
0.001,-0.002,-0.004
0.001,-0.002,-0.004
0.001,-0.002,-0.004
0.001,-0.002,-0.004
0.001,-0.002,-0.003
0.001,-0.002,-0.004
0.001,-0.002,-0.003
0.001,-0.002,-0.003
0.002,-0.002,-0.004
0.002,-0.002,-0.004
0.001,-0.002,-0.003
0.001,-0.002,-0.003
0.002,-0.002,-0.004
0.002,-0.002,-0.004
0.002,-0.002,-0.004
0.002,-0.001,-0.004
0.001,-0.002,-0.004
0.001,-0.002,-0.004
0.002,-0.002,-0.004
0.001,-0.002,-0.004
0.001,-0.002,-0.004
0.002,-0.002,-0.004
0.001,-0.002,-0.004
0.001,-0.002,-0.004
0.001,-0.002,-0.004
0.002,-0.002,-0.004
0.002,-0.002,-0.004
0.001,-0.002,-0.004
0.001,-0.002,-0.003
0.001,-0.002,-0.004
0.001,-0.002,-0.003
0.001,-0.002,-0.003
0.001,-0.002,-0.004
0.002,-0.002,-0.003
0.001,-0.002,-0.003
0.001,-0.002,-0.003
0.001,-0.002,-0.004
0.001,-0.002,-0.003
0.001,-0.002,-0.003
0.002,-0.002,-0.003
0.001,-0.002,-0.004
0.002,-0.002,-0.004
0.002,-0.002,-0.004
0.002,-0.002,-0.004
0.001,-0.002,-0.004
0.001,-0.002,-0.004
0.001,-0.002,-0.004
0.002,-0.002,-0.003
0.001,-0.002,-0.003
0.001,-0.002,-0.003
0.002,-0.002,-0.003
0.002,-0.002,-0.003
0.002,-0.002,-0.004
0.002,-0.002,-0.004
0.001,-0.002,-0.004
0.001,-0.002,-0.004
0.001,-0.002,-0.004
0.002,-0.002,-0.004
0.001,-0.002,-0.004
0.001,-0.002,-0.004
0.001,-0.002,-0.004
0.001,-0.002,-0.004
0.001,-0.002,-0.004
0.001,-0.002,-0.004
0.002,-0.002,-0.003
0.002,-0.002,-0.004
0.001,-0.002,-0.004
0.001,-0.002,-0.004
0.001,-0.002,-0.004
0.001,-0.002,-0.004
0.002,-0.002,-0.003
0.002,-0.002,-0.003
0.002,-0.002,-0.004
0.002,-0.002,-0.004
0.002,-0.002,-0.003
0.002,-0.002,-0.004
0.001,-0.002,-0.004
0.002,-0.002,-0.003
0.001,-0.002,-0.004
0.001,-0.002,-0.004
0.002,-0.002,-0.004
0.002,-0.002,-0.003
0.002,-0.002,-0.004
0.001,-0.002,-0.004
0.002,-0.002,-0.004
0.002,-0.002,-0.004
0.002,-0.002,-0.003
0.002,-0.002,-0.003
0.002,-0.002,-0.004
0.002,-0.002,-0.003
0.001,-0.002,-0.004
0.002,-0.002,-0.003
0.002,-0.002,-0.004
0.002,-0.002,-0.004
0.002,-0.002,-0.004
0.002,-0.002,-0.004
0.001,-0.002,-0.004
0.002,-0.002,-0.004
0.002,-0.002,-0.003
0.002,-0.002,-0.003
0.001,-0.002,-0.004
0.001,-0.002,-0.003
0.002,-0.002,-0.004
0.001,-0.002,-0.004
0.002,-0.002,-0.004
0.002,-0.002,-0.004
0.002,-0.002,-0.004
0.001,-0.002,-0.004
0.001,-0.002,-0.004
0.001,-0.002,-0.004
0.002,-0.002,-0.004
0.002,-0.002,-0.004
0.001,-0.002,-0.004
0.001,-0.002,-0.004
0.002,-0.002,-0.004
0.002,-0.002,-0.004
0.002,-0.002,-0.003
0.001,-0.002,-0.004
0.001,-0.002,-0.004
0.001,-0.002,-0.003
0.001,-0.002,-0.004
0.001,-0.002,-0.004
0.001,-0.002,-0.003
0.002,-0.002,-0.004
0.001,-0.002,-0.004
0.001,-0.002,-0.004
0.001,-0.002,-0.003
0.001,-0.002,-0.004
0.002,-0.002,-0.003
0.002,-0.002,-0.004
0.001,-0.002,-0.003
0.001,-0.002,-0.004
0.002,-0.002,-0.003
0.001,-0.002,-0.004
0.002,-0.002,-0.004
0.002,-0.002,-0.003
0.002,-0.002,-0.004
0.002,-0.002,-0.004
0.001,-0.002,-0.004
0.002,-0.002,-0.004
0.002,-0.001,-0.004
0.001,-0.002,-0.004
0.001,-0.002,-0.004
0.002,-0.002,-0.003
0.002,-0.002,-0.004
0.001,-0.002,-0.003
0.001,-0.002,-0.003
0.001,-0.002,-0.004
0.001,-0.002,-0.004
0.002,-0.002,-0.003
0.002,-0.002,-0.004
0.002,-0.002,-0.004
0.002,-0.002,-0.004
0.002,-0.002,-0.004
0.002,-0.002,-0.004
0.001,-0.002,-0.004
0.002,-0.002,-0.004
0.002,-0.002,-0.003
0.002,-0.002,-0.003
0.002,-0.002,-0.004
0.002,-0.002,-0.004
0.001,-0.002,-0.004
0.001,-0.002,-0.003
0.002,-0.002,-0.003
0.002,-0.002,-0.003
0.002,-0.002,-0.003
0.002,-0.002,-0.003
0.002,-0.002,-0.004
0.001,-0.002,-0.003
0.002,-0.002,-0.004
0.001,-0.002,-0.004
0.001,-0.002,-0.004
0.002,-0.002,-0.003
0.002,-0.002,-0.004
0.002,-0.002,-0.003
0.002,-0.002,-0.004
0.001,-0.002,-0.004
0.001,-0.002,-0.004
0.002,-0.002,-0.004
0.002,-0.002,-0.004
0.001,-0.002,-0.004
0.001,-0.002,-0.003
0.002,-0.002,-0.003
0.002,-0.002,-0.004
0.002,-0.002,-0.004
0.002,-0.002,-0.004
0.002,-0.002,-0.004
0.001,-0.002,-0.004
0.002,-0.002,-0.003
0.001,-0.002,-0.004
0.001,-0.002,-0.004
0.002,-0.002,-0.004
0.002,-0.002,-0.004
0.002,-0.002,-0.003
0.002,-0.002,-0.003
0.002,-0.002,-0.004
0.001,-0.002,-0.004
0.001,-0.002,-0.003
0.001,-0.002,-0.004
0.002,-0.002,-0.004
0.002,-0.002,-0.004
0.002,-0.002,-0.003
0.002,-0.002,-0.004
0.002,-0.002,-0.004
0.002,-0.002,-0.004
0.001,-0.002,-0.003
0.001,-0.002,-0.004
0.001,-0.002,-0.004
0.001,-0.002,-0.004
0.002,-0.002,-0.004
0.002,-0.002,-0.003
0.002,-0.002,-0.004
0.002,-0.002,-0.004
0.002,-0.002,-0.003
0.002,-0.002,-0.003
0.002,-0.002,-0.004
0.001,-0.002,-0.004
0.001,-0.002,-0.003
0.001,-0.002,-0.004
0.002,-0.002,-0.004
0.002,-0.002,-0.004
0.002,-0.002,-0.004
0.002,-0.002,-0.003
0.001,-0.002,-0.004
0.002,-0.002,-0.003
0.001,-0.002,-0.004
0.001,-0.002,-0.004
0.001,-0.002,-0.004
0.002,-0.002,-0.004
0.002,-0.002,-0.004
0.002,-0.002,-0.004
0.002,-0.002,-0.003
0.001,-0.002,-0.004
0.001,-0.002,-0.003
0.002,-0.002,-0.004
0.002,-0.002,-0.003
0.002,-0.002,-0.003
0.002,-0.002,-0.003
0.001,-0.002,-0.003
0.001,-0.002,-0.004
0.002,-0.002,-0.004
0.001,-0.002,-0.004
0.002,-0.002,-0.004
0.002,-0.002,-0.003
0.002,-0.002,-0.004
0.002,-0.002,-0.004
0.001,-0.002,-0.004
0.002,-0.002,-0.003
0.002,-0.002,-0.004
0.002,-0.002,-0.003
0.002,-0.002,-0.003
0.002,-0.002,-0.004
0.002,-0.002,-0.004
0.001,-0.002,-0.003
0.001,-0.002,-0.004
0.002,-0.002,-0.003
0.002,-0.002,-0.004
0.002,-0.002,-0.004
0.001,-0.002,-0.004
0.002,-0.002,-0.004
0.001,-0.002,-0.004
0.001,-0.002,-0.004
0.001,-0.002,-0.003
0.001,-0.002,-0.004
0.002,-0.002,-0.004
0.002,-0.002,-0.004
0.001,-0.002,-0.004
0.002,-0.002,-0.004
0.002,-0.002,-0.003
0.001,-0.002,-0.004
0.001,-0.002,-0.004
0.001,-0.002,-0.003
0.001,-0.002,-0.004
0.002,-0.002,-0.004
0.001,-0.002,-0.003
0.002,-0.002,-0.004
0.001,-0.002,-0.004
0.002,-0.002,-0.003
0.001,-0.002,-0.004
0.001,-0.002,-0.004
0.001,-0.002,-0.004
0.001,-0.002,-0.003
0.001,-0.002,-0.003
0.002,-0.002,-0.004
0.002,-0.002,-0.004
0.002,-0.002,-0.004
0.002,-0.002,-0.004
0.001,-0.002,-0.004
0.002,-0.002,-0.004
0.001,-0.002,-0.004
0.001,-0.002,-0.004
0.002,-0.002,-0.004
0.001,-0.002,-0.004
0.001,-0.002,-0.004
0.002,-0.002,-0.003
0.002,-0.002,-0.003
0.001,-0.002,-0.003
0.002,-0.002,-0.004
0.002,-0.002,-0.004
0.002,-0.002,-0.004
0.002,-0.002,-0.003
0.001,-0.002,-0.004
0.001,-0.002,-0.004
0.001,-0.002,-0.004
0.002,-0.002,-0.004
0.001,-0.002,-0.004
0.001,-0.002,-0.004
0.002,-0.002,-0.004
0.002,-0.002,-0.004
0.002,-0.002,-0.003
0.002,-0.002,-0.003
0.002,-0.002,-0.004
0.001,-0.002,-0.003
0.002,-0.002,-0.004
0.002,-0.002,-0.004
0.001,-0.002,-0.004
0.002,-0.002,-0.004
0.002,-0.002,-0.004
0.002,-0.002,-0.004
0.002,-0.002,-0.004
0.002,-0.002,-0.004
0.002,-0.002,-0.003
0.002,-0.002,-0.004
0.001,-0.002,-0.004
0.001,-0.002,-0.004
0.001,-0.002,-0.004
0.001,-0.002,-0.004
0.001,-0.002,-0.004
0.002,-0.002,-0.003
0.002,-0.002,-0.003
0.002,-0.002,-0.004
0.002,-0.002,-0.004
0.002,-0.002,-0.004
0.002,-0.002,-0.004
0.002,-0.002,-0.004
0.001,-0.002,-0.004
0.001,-0.002,-0.003
0.001,-0.001,-0.003
0.001,-0.002,-0.004
0.002,-0.002,-0.004
0.002,-0.002,-0.004
0.002,-0.002,-0.004
0.001,-0.002,-0.004
0.001,-0.002,-0.003
0.001,-0.002,-0.003
0.001,-0.002,-0.004
0.001,-0.002,-0.004
0.002,-0.002,-0.004
0.002,-0.002,-0.004
0.002,-0.002,-0.004
0.002,-0.002,-0.004
0.002,-0.002,-0.004
0.002,-0.002,-0.004
0.001,-0.002,-0.003
0.002,-0.002,-0.004
0.002,-0.002,-0.004
0.001,-0.002,-0.004
0.001,-0.002,-0.004
0.002,-0.002,-0.004
0.001,-0.002,-0.004
0.001,-0.002,-0.004
0.001,-0.002,-0.004
0.002,-0.002,-0.003
0.002,-0.002,-0.004
0.002,-0.002,-0.003
0.001,-0.002,-0.004
0.001,-0.002,-0.004
0.001,-0.002,-0.004
0.002,-0.002,-0.004
0.002,-0.002,-0.004
0.002,-0.002,-0.004
0.002,-0.002,-0.004
0.002,-0.002,-0.004
0.002,-0.002,-0.004
0.001,-0.002,-0.003
0.001,-0.002,-0.004
0.001,-0.002,-0.004
0.001,-0.002,-0.004
0.001,-0.002,-0.003
0.002,-0.002,-0.004
0.001,-0.002,-0.004
0.002,-0.002,-0.004
0.002,-0.002,-0.004
0.002,-0.002,-0.003
0.001,-0.002,-0.004
0.001,-0.002,-0.004
0.002,-0.002,-0.004
0.001,-0.002,-0.003
0.001,-0.002,-0.003
0.001,-0.002,-0.004
0.001,-0.002,-0.004
0.001,-0.002,-0.004
0.001,-0.002,-0.004
0.002,-0.002,-0.004
0.001,-0.002,-0.004
0.002,-0.002,-0.003
0.002,-0.002,-0.003
0.002,-0.002,-0.004
0.001,-0.002,-0.004
0.001,-0.002,-0.003
0.002,-0.002,-0.003
0.002,-0.002,-0.004
0.001,-0.002,-0.003
0.001,-0.002,-0.004
0.002,-0.002,-0.003
0.002,-0.002,-0.004
0.002,-0.002,-0.004
0.002,-0.002,-0.004
0.002,-0.002,-0.004
0.001,-0.002,-0.004
0.002,-0.002,-0.003
0.002,-0.002,-0.004
0.002,-0.002,-0.004
0.002,-0.002,-0.004
0.002,-0.002,-0.004
0.002,-0.002,-0.004
0.002,-0.002,-0.004
0.001,-0.002,-0.004
0.001,-0.002,-0.004
0.002,-0.002,-0.003
0.002,-0.002,-0.004
0.001,-0.002,-0.004
0.002,-0.002,-0.004
0.001,-0.002,-0.004
0.001,-0.002,-0.004
0.002,-0.002,-0.004
0.001,-0.002,-0.004
0.002,-0.002,-0.004
0.002,-0.002,-0.004
0.001,-0.002,-0.003
0.001,-0.002,-0.004
0.001,-0.002,-0.003
0.001,-0.002,-0.003
0.002,-0.002,-0.004
0.002,-0.002,-0.003
0.001,-0.002,-0.003
0.001,-0.002,-0.003
0.001,-0.002,-0.003
0.002,-0.002,-0.003
0.002,-0.002,-0.004
0.001,-0.002,-0.003
0.001,-0.002,-0.004
0.002,-0.002,-0.004
0.002,-0.002,-0.004
0.001,-0.002,-0.004
0.001,-0.002,-0.004
0.001,-0.002,-0.004
0.001,-0.002,-0.004
0.002,-0.002,-0.004
0.002,-0.002,-0.003
0.002,-0.002,-0.003
0.002,-0.002,-0.003
0.002,-0.002,-0.004
0.002,-0.002,-0.004
0.002,-0.002,-0.004
0.002,-0.002,-0.004
0.001,-0.002,-0.003
0.001,-0.002,-0.003
0.002,-0.002,-0.004
0.001,-0.002,-0.003
0.001,-0.002,-0.003
0.002,-0.002,-0.003
0.001,-0.002,-0.003
0.002,-0.002,-0.003
0.001,-0.002,-0.004
0.002,-0.002,-0.004
0.001,-0.002,-0.003
0.001,-0.002,-0.004
0.001,-0.002,-0.004
0.002,-0.002,-0.004
0.001,-0.002,-0.003
0.001,-0.002,-0.003
0.001,-0.002,-0.003
0.002,-0.002,-0.004
0.001,-0.002,-0.003
0.001,-0.002,-0.003
0.001,-0.002,-0.004
0.002,-0.002,-0.004
0.001,-0.002,-0.004
0.001,-0.002,-0.004
0.002,-0.002,-0.003
0.002,-0.002,-0.003
0.001,-0.002,-0.004
0.001,-0.002,-0.004
0.002,-0.002,-0.004
0.001,-0.002,-0.004
0.002,-0.002,-0.004
0.001,-0.002,-0.004
0.002,-0.002,-0.004
0.001,-0.002,-0.004
0.002,-0.002,-0.004
