mx,my,mz
-0.489,0.486,-0.595
-0.482,0.486,-0.593
-0.485,0.488,-0.599
-0.484,0.484,-0.594
-0.485,0.486,-0.597
-0.487,0.486,-0.596
-0.483,0.486,-0.602
-0.483,0.486,-0.602
-0.485,0.484,-0.601
-0.488,0.485,-0.602
-0.483,0.487,-0.604
-0.485,0.481,-0.602
-0.486,0.485,-0.6
-0.488,0.488,-0.603
-0.488,0.488,-0.603
-0.486,0.485,-0.603
-0.486,0.487,-0.602
-0.487,0.49,-0.596
-0.486,0.485,-0.589
-0.485,0.485,-0.596
-0.486,0.479,-0.596
-0.486,0.479,-0.588
-0.494,0.48,-0.588
-0.497,0.481,-0.588
-0.499,0.478,-0.579
-0.503,0.479,-0.577
-0.514,0.481,-0.569
-0.521,0.483,-0.562
-0.521,0.491,-0.55
-0.528,0.491,-0.55
-0.535,0.496,-0.537
-0.54,0.503,-0.524
-0.546,0.508,-0.507
-0.55,0.506,-0.495
-0.556,0.511,-0.486
-0.554,0.513,-0.472
-0.554,0.513,-0.472
-0.557,0.522,-0.47
-0.558,0.523,-0.469
-0.56,0.526,-0.46
-0.561,0.531,-0.459
-0.557,0.534,-0.453
-0.558,0.536,-0.446
-0.558,0.536,-0.446
-0.558,0.543,-0.444
-0.556,0.548,-0.441
-0.556,0.555,-0.444
-0.553,0.556,-0.445
-0.553,0.563,-0.449
-0.555,0.563,-0.456
-0.555,0.563,-0.456
-0.547,0.565,-0.457
-0.549,0.563,-0.467
-0.543,0.566,-0.468
-0.543,0.565,-0.473
-0.54,0.564,-0.474
-0.54,0.567,-0.473
-0.54,0.567,-0.473
-0.538,0.566,-0.47
-0.543,0.569,-0.466
-0.54,0.566,-0.467
-0.543,0.567,-0.46
-0.545,0.567,-0.458
-0.547,0.565,-0.453
-0.547,0.565,-0.453
-0.548,0.563,-0.442
-0.554,0.56,-0.435
-0.554,0.561,-0.437
-0.557,0.563,-0.426
-0.56,0.57,-0.41
-0.558,0.573,-0.398
-0.558,0.573,-0.398
-0.557,0.574,-0.382
-0.558,0.577,-0.377
-0.561,0.577,-0.366
-0.558,0.577,-0.351
-0.558,0.577,-0.338
-0.557,0.576,-0.324
-0.557,0.576,-0.324
-0.553,0.577,-0.307
-0.543,0.583,-0.288
-0.536,0.587,-0.282
-0.528,0.6,-0.271
-0.52,0.605,-0.268
-0.511,0.616,-0.249
-0.511,0.616,-0.249
-0.497,0.633,-0.245
-0.487,0.647,-0.236
-0.478,0.661,-0.233
-0.458,0.672,-0.228
-0.439,0.686,-0.223
-0.418,0.702,-0.226
-0.418,0.702,-0.227
-0.394,0.716,-0.227
-0.377,0.728,-0.232
-0.361,0.739,-0.239
-0.344,0.75,-0.246
-0.327,0.76,-0.257
-0.313,0.762,-0.259
-0.304,0.768,-0.266
-0.304,0.768,-0.266
-0.298,0.771,-0.276
-0.293,0.783,-0.29
-0.288,0.78,-0.299
-0.283,0.79,-0.316
-0.279,0.789,-0.335
-0.272,0.794,-0.354
-0.272,0.794,-0.354
-0.261,0.795,-0.374
-0.251,0.79,-0.402
-0.241,0.786,-0.426
-0.235,0.782,-0.455
-0.222,0.774,-0.476
-0.218,0.759,-0.502
-0.218,0.759,-0.502
-0.205,0.739,-0.53
-0.201,0.721,-0.555
-0.203,0.705,-0.58
-0.202,0.68,-0.606
-0.209,0.652,-0.624
-0.2,0.626,-0.647
-0.2,0.626,-0.647
-0.202,0.606,-0.664
-0.193,0.586,-0.674
-0.192,0.569,-0.691
-0.184,0.55,-0.7
-0.184,0.532,-0.709
-0.184,0.51,-0.719
-0.184,0.51,-0.719
-0.175,0.484,-0.715
-0.176,0.456,-0.727
-0.174,0.429,-0.713
-0.165,0.423,-0.708
-0.155,0.419,-0.698
-0.135,0.416,-0.686
-0.135,0.416,-0.686
-0.121,0.417,-0.673
-0.096,0.41,-0.654
-0.085,0.396,-0.635
-0.084,0.386,-0.618
-0.088,0.367,-0.614
-0.085,0.34,-0.609
-0.085,0.34,-0.609
-0.068,0.318,-0.607
-0.054,0.293,-0.596
-0.038,0.277,-0.581
-0.023,0.271,-0.563
-0.001,0.267,-0.548
0.013,0.266,-0.532
0.013,0.266,-0.513
0.023,0.268,-0.513
0.039,0.271,-0.506
0.051,0.275,-0.489
0.059,0.279,-0.479
0.068,0.292,-0.467
0.074,0.299,-0.457
0.074,0.31,-0.454
0.081,0.31,-0.454
0.087,0.32,-0.453
0.088,0.336,-0.45
0.095,0.349,-0.452
0.1,0.369,-0.454
0.104,0.386,-0.448
0.106,0.405,-0.452
0.106,0.405,-0.452
0.107,0.42,-0.451
0.101,0.441,-0.463
0.102,0.461,-0.466
0.095,0.482,-0.474
0.087,0.505,-0.486
0.073,0.531,-0.496
0.073,0.531,-0.496
0.061,0.556,-0.509
0.044,0.578,-0.523
0.019,0.606,-0.535
-0.013,0.633,-0.538
-0.041,0.65,-0.547
-0.073,0.67,-0.546
-0.073,0.67,-0.546
-0.112,0.682,-0.551
-0.155,0.695,-0.545
-0.194,0.701,-0.544
-0.232,0.7,-0.541
-0.27,0.693,-0.532
-0.305,0.689,-0.531
-0.305,0.689,-0.531
-0.334,0.679,-0.524
-0.357,0.67,-0.523
-0.387,0.656,-0.519
-0.413,0.648,-0.51
-0.436,0.633,-0.504
-0.462,0.621,-0.502
-0.462,0.621,-0.502
-0.479,0.603,-0.499
-0.496,0.59,-0.491
-0.515,0.576,-0.488
-0.525,0.559,-0.483
-0.542,0.545,-0.471
-0.555,0.531,-0.46
-0.555,0.531,-0.46
-0.563,0.519,-0.445
-0.575,0.51,-0.439
-0.585,0.494,-0.427
-0.584,0.482,-0.409
-0.595,0.478,-0.396
-0.605,0.467,-0.38
-0.605,0.467,-0.38
-0.611,0.461,-0.361
-0.614,0.448,-0.339
-0.613,0.444,-0.32
-0.612,0.431,-0.284
-0.609,0.427,-0.26
-0.604,0.423,-0.236
-0.604,0.423,-0.208
-0.601,0.419,-0.208
-0.588,0.42,-0.185
-0.581,0.418,-0.15
-0.573,0.412,-0.127
-0.56,0.405,-0.107
-0.546,0.4,-0.082
-0.546,0.382,-0.064
-0.53,0.382,-0.064
-0.52,0.364,-0.05
-0.507,0.345,-0.035
-0.484,0.321,-0.017
-0.462,0.301,-0.004
-0.437,0.288,0.004
-0.394,0.278,0.023
-0.394,0.278,0.023
-0.354,0.286,0.037
-0.297,0.306,0.047
-0.245,0.339,0.051
-0.19,0.361,0.048
-0.142,0.38,0.04
-0.101,0.403,0.031
-0.101,0.403,0.031
-0.076,0.418,0.026
-0.06,0.418,0.025
-0.065,0.409,0.033
-0.091,0.4,0.043
-0.13,0.403,0.055
-0.159,0.412,0.064
-0.159,0.412,0.064
-0.184,0.434,0.058
-0.202,0.463,0.064
-0.219,0.491,0.047
-0.227,0.519,0.05
-0.239,0.538,0.035
-0.243,0.563,0.023
-0.243,0.563,0.023
-0.245,0.572,0.01
-0.246,0.589,-0.009
-0.251,0.598,-0.02
-0.259,0.611,-0.032
-0.26,0.618,-0.04
-0.263,0.63,-0.052
-0.263,0.63,-0.052
-0.266,0.646,-0.072
-0.266,0.665,-0.088
-0.262,0.676,-0.111
-0.258,0.687,-0.13
-0.255,0.707,-0.137
-0.258,0.717,-0.158
-0.258,0.717,-0.158
-0.267,0.724,-0.177
-0.276,0.73,-0.189
-0.291,0.737,-0.201
-0.302,0.737,-0.219
-0.324,0.738,-0.227
-0.338,0.739,-0.242
-0.338,0.739,-0.242
-0.358,0.733,-0.258
-0.381,0.728,-0.264
-0.404,0.712,-0.277
-0.425,0.699,-0.298
-0.441,0.682,-0.306
-0.462,0.663,-0.32
-0.462,0.663,-0.338
-0.485,0.649,-0.338
-0.508,0.626,-0.364
-0.527,0.613,-0.39
-0.544,0.596,-0.418
-0.558,0.576,-0.441
-0.565,0.551,-0.456
-0.565,0.519,-0.469
-0.577,0.519,-0.469
-0.586,0.485,-0.476
-0.596,0.442,-0.488
-0.599,0.395,-0.496
-0.597,0.348,-0.508
-0.595,0.296,-0.539
-0.581,0.271,-0.578
-0.581,0.271,-0.578
-0.542,0.272,-0.609
-0.508,0.297,-0.619
-0.464,0.315,-0.611
-0.444,0.328,-0.597
-0.428,0.334,-0.579
-0.429,0.324,-0.565
-0.429,0.324,-0.565
-0.424,0.312,-0.571
-0.409,0.282,-0.575
-0.379,0.263,-0.6
-0.338,0.251,-0.611
-0.291,0.243,-0.626
-0.237,0.25,-0.634
-0.237,0.25,-0.634
-0.189,0.262,-0.638
-0.148,0.281,-0.646
-0.109,0.3,-0.633
-0.084,0.32,-0.633
-0.059,0.343,-0.629
-0.037,0.372,-0.633
-0.037,0.372,-0.633
-0.018,0.396,-0.625
-0.023,0.422,-0.627
-0.024,0.445,-0.626
-0.041,0.471,-0.634
-0.058,0.5,-0.643
-0.082,0.522,-0.655
-0.082,0.522,-0.655
-0.116,0.548,-0.649
-0.145,0.571,-0.657
-0.177,0.588,-0.649
-0.208,0.608,-0.642
-0.241,0.631,-0.627
-0.269,0.653,-0.604
-0.269,0.653,-0.604
-0.296,0.673,-0.575
-0.326,0.682,-0.54
-0.353,0.691,-0.508
-0.374,0.69,-0.471
-0.399,0.686,-0.431
-0.415,0.677,-0.396
-0.415,0.677,-0.396
-0.428,0.668,-0.359
-0.437,0.65,-0.324
-0.445,0.633,-0.28
-0.451,0.614,-0.247
-0.452,0.597,-0.207
-0.451,0.577,-0.171
-0.451,0.577,-0.142
-0.439,0.558,-0.142
-0.42,0.548,-0.118
-0.397,0.538,-0.111
-0.379,0.535,-0.104
-0.361,0.536,-0.095
-0.344,0.545,-0.087
-0.344,0.54,-0.085
-0.327,0.54,-0.085
-0.301,0.533,-0.072
-0.266,0.528,-0.063
-0.231,0.524,-0.067
-0.194,0.527,-0.068
-0.16,0.529,-0.075
-0.132,0.529,-0.085
-0.132,0.529,-0.085
-0.112,0.526,-0.09
-0.083,0.527,-0.103
-0.06,0.527,-0.12
-0.033,0.522,-0.132
-0.006,0.512,-0.136
0.01,0.498,-0.149
0.01,0.498,-0.149
0.029,0.491,-0.159
0.044,0.487,-0.164
0.064,0.478,-0.182
0.07,0.483,-0.191
0.079,0.487,-0.199
0.085,0.502,-0.212
0.085,0.502,-0.212
0.086,0.518,-0.218
0.088,0.535,-0.238
0.084,0.561,-0.254
0.082,0.592,-0.282
0.072,0.623,-0.3
0.054,0.654,-0.33
0.054,0.654,-0.33
0.04,0.677,-0.369
0.023,0.698,-0.395
0.007,0.709,-0.407
-0.011,0.723,-0.423
-0.035,0.734,-0.435
-0.067,0.75,-0.447
-0.067,0.75,-0.447
-0.101,0.765,-0.453
-0.141,0.774,-0.465
-0.166,0.775,-0.484
-0.19,0.78,-0.475
-0.212,0.782,-0.468
-0.237,0.782,-0.46
-0.237,0.782,-0.46
-0.254,0.784,-0.448
-0.264,0.786,-0.433
-0.281,0.784,-0.415
-0.287,0.785,-0.398
-0.295,0.785,-0.389
-0.303,0.783,-0.374
-0.303,0.783,-0.374
-0.304,0.78,-0.353
-0.305,0.776,-0.343
-0.306,0.776,-0.325
-0.294,0.771,-0.305
-0.293,0.766,-0.294
-0.292,0.756,-0.27
-0.292,0.756,-0.27
-0.277,0.748,-0.258
-0.266,0.735,-0.235
-0.253,0.723,-0.222
-0.235,0.706,-0.195
-0.22,0.688,-0.176
-0.211,0.675,-0.158
-0.211,0.675,-0.155
-0.198,0.652,-0.155
-0.176,0.634,-0.139
-0.154,0.613,-0.134
-0.132,0.583,-0.132
-0.111,0.56,-0.125
-0.093,0.524,-0.113
-0.093,0.494,-0.104
-0.082,0.494,-0.104
-0.069,0.456,-0.096
-0.061,0.424,-0.111
-0.052,0.394,-0.106
-0.044,0.366,-0.121
-0.031,0.337,-0.133
-0.027,0.31,-0.141
-0.027,0.31,-0.141
-0.021,0.28,-0.15
-0.013,0.263,-0.169
-0.012,0.246,-0.191
-0.005,0.233,-0.204
0.001,0.214,-0.205
0.001,0.196,-0.207
0.001,0.196,-0.207
-0.005,0.161,-0.213
-0.018,0.12,-0.225
-0.049,0.083,-0.229
-0.092,0.052,-0.242
-0.143,0.039,-0.259
-0.193,0.04,-0.276
-0.193,0.04,-0.276
-0.232,0.046,-0.3
-0.261,0.062,-0.316
-0.283,0.071,-0.313
-0.298,0.077,-0.327
-0.319,0.078,-0.341
-0.343,0.082,-0.361
-0.343,0.082,-0.361
-0.368,0.094,-0.38
-0.396,0.108,-0.393
-0.417,0.126,-0.409
-0.436,0.144,-0.424
-0.461,0.17,-0.436
-0.478,0.195,-0.442
-0.478,0.195,-0.442
-0.495,0.218,-0.447
-0.511,0.249,-0.448
-0.526,0.28,-0.444
-0.54,0.305,-0.441
-0.544,0.328,-0.434
-0.558,0.349,-0.432
-0.558,0.349,-0.432
-0.562,0.374,-0.42
-0.562,0.392,-0.415
-0.561,0.404,-0.407
-0.567,0.418,-0.405
-0.564,0.432,-0.393
-0.562,0.442,-0.393
-0.562,0.442,-0.393
-0.559,0.462,-0.384
-0.556,0.485,-0.383
-0.547,0.507,-0.372
-0.546,0.531,-0.372
-0.538,0.552,-0.367
-0.524,0.573,-0.358
-0.524,0.573,-0.358
-0.512,0.593,-0.354
-0.494,0.621,-0.349
-0.468,0.646,-0.345
-0.44,0.673,-0.344
-0.406,0.694,-0.348
-0.374,0.708,-0.35
-0.374,0.708,-0.355
-0.336,0.717,-0.355
-0.305,0.724,-0.358
-0.268,0.726,-0.365
-0.23,0.722,-0.376
-0.201,0.721,-0.376
-0.169,0.712,-0.381
-0.169,0.705,-0.391
-0.141,0.705,-0.391
-0.116,0.694,-0.392
-0.097,0.685,-0.396
-0.074,0.67,-0.398
-0.056,0.662,-0.398
-0.041,0.653,-0.409
-0.031,0.648,-0.416
-0.031,0.648,-0.416
-0.024,0.645,-0.41
-0.018,0.644,-0.405
-0.008,0.635,-0.408
0.004,0.632,-0.405
0.017,0.622,-0.411
0.027,0.614,-0.414
0.027,0.614,-0.414
0.037,0.606,-0.416
0.036,0.599,-0.422
0.049,0.593,-0.426
0.059,0.588,-0.435
0.063,0.582,-0.44
0.068,0.574,-0.454
0.068,0.574,-0.454
0.077,0.563,-0.469
0.077,0.561,-0.486
0.075,0.55,-0.503
0.074,0.548,-0.516
0.067,0.539,-0.537
0.056,0.534,-0.546
0.056,0.534,-0.546
0.053,0.532,-0.545
0.05,0.523,-0.547
0.057,0.511,-0.54
0.064,0.509,-0.537
0.072,0.496,-0.534
0.08,0.483,-0.54
0.08,0.483,-0.54
0.084,0.462,-0.544
0.094,0.45,-0.547
0.1,0.433,-0.554
0.1,0.416,-0.565
0.096,0.402,-0.568
0.09,0.395,-0.585
0.09,0.395,-0.585
0.088,0.387,-0.584
0.079,0.38,-0.595
0.074,0.365,-0.606
0.072,0.356,-0.606
0.065,0.346,-0.615
0.049,0.334,-0.629
0.049,0.334,-0.629
0.033,0.32,-0.64
0.015,0.31,-0.642
-0.008,0.303,-0.656
-0.025,0.297,-0.671
-0.04,0.294,-0.676
-0.058,0.302,-0.684
-0.058,0.302,-0.684
-0.068,0.299,-0.695
-0.081,0.301,-0.704
-0.103,0.304,-0.699
-0.123,0.304,-0.705
-0.148,0.31,-0.712
-0.166,0.31,-0.718
-0.166,0.313,-0.71
-0.189,0.313,-0.71
-0.206,0.312,-0.712
-0.224,0.313,-0.715
-0.244,0.311,-0.714
-0.27,0.305,-0.704
-0.287,0.296,-0.698
-0.287,0.291,-0.693
-0.307,0.291,-0.693
-0.313,0.289,-0.693
-0.326,0.287,-0.684
-0.327,0.292,-0.686
-0.33,0.299,-0.69
-0.336,0.318,-0.698
-0.338,0.343,-0.697
-0.338,0.343,-0.697
-0.358,0.372,-0.691
-0.371,0.409,-0.693
-0.379,0.444,-0.684
-0.381,0.482,-0.68
-0.377,0.506,-0.673
-0.368,0.531,-0.673
-0.368,0.531,-0.673
-0.357,0.555,-0.674
-0.346,0.58,-0.665
-0.329,0.603,-0.662
-0.307,0.622,-0.655
-0.286,0.637,-0.638
-0.258,0.652,-0.626
-0.258,0.652,-0.626
-0.238,0.663,-0.617
-0.21,0.675,-0.615
-0.186,0.676,-0.594
-0.164,0.683,-0.592
-0.138,0.678,-0.579
-0.113,0.675,-0.575
-0.113,0.675,-0.575
-0.1,0.665,-0.564
-0.077,0.659,-0.559
-0.061,0.644,-0.557
-0.045,0.631,-0.558
-0.028,0.625,-0.545
-0.021,0.627,-0.542
-0.021,0.627,-0.542
-0.022,0.626,-0.529
-0.012,0.622,-0.523
-0.013,0.619,-0.53
-0.01,0.606,-0.52
-0.005,0.603,-0.521
0.011,0.593,-0.513
0.011,0.593,-0.513
0.021,0.599,-0.49
0.017,0.6,-0.473
0.027,0.602,-0.465
0.029,0.605,-0.455
0.03,0.602,-0.44
0.029,0.601,-0.433
0.029,0.601,-0.433
0.028,0.596,-0.426
0.03,0.592,-0.41
0.041,0.58,-0.396
0.053,0.563,-0.37
0.056,0.541,-0.358
0.066,0.523,-0.349
0.066,0.523,-0.332
0.071,0.507,-0.332
0.075,0.494,-0.322
0.068,0.487,-0.303
0.061,0.477,-0.292
0.052,0.467,-0.268
0.038,0.461,-0.24
0.038,0.454,-0.23
0.026,0.454,-0.23
0.015,0.448,-0.216
0.002,0.451,-0.202
-0.008,0.456,-0.193
-0.018,0.47,-0.193
-0.029,0.48,-0.193
-0.033,0.49,-0.198
-0.033,0.49,-0.198
-0.035,0.503,-0.201
-0.041,0.513,-0.203
-0.05,0.529,-0.202
-0.059,0.536,-0.208
-0.07,0.55,-0.21
-0.076,0.563,-0.211
-0.076,0.563,-0.211
-0.085,0.58,-0.213
-0.097,0.596,-0.217
-0.096,0.611,-0.225
-0.11,0.642,-0.24
-0.123,0.665,-0.254
-0.126,0.679,-0.277
-0.126,0.679,-0.277
-0.134,0.699,-0.291
-0.141,0.71,-0.307
-0.152,0.726,-0.317
-0.171,0.735,-0.334
-0.181,0.746,-0.365
-0.197,0.755,-0.385
-0.197,0.755,-0.385
-0.189,0.74,-0.408
-0.199,0.735,-0.436
-0.206,0.732,-0.46
-0.214,0.73,-0.472
-0.221,0.72,-0.491
-0.219,0.71,-0.504
-0.219,0.71,-0.504
-0.21,0.697,-0.516
-0.204,0.685,-0.529
-0.2,0.673,-0.542
-0.191,0.66,-0.551
-0.178,0.64,-0.556
-0.168,0.629,-0.567
-0.168,0.629,-0.567
-0.155,0.616,-0.568
-0.142,0.605,-0.571
-0.119,0.592,-0.573
-0.102,0.576,-0.586
-0.087,0.563,-0.589
-0.067,0.55,-0.592
-0.067,0.55,-0.592
-0.048,0.535,-0.596
-0.036,0.515,-0.595
-0.019,0.488,-0.595
0.001,0.466,-0.6
0.012,0.445,-0.606
0.018,0.442,-0.606
0.018,0.442,-0.601
0.029,0.433,-0.601
0.033,0.424,-0.602
0.039,0.407,-0.607
0.044,0.398,-0.605
0.046,0.384,-0.608
0.043,0.371,-0.618
0.043,0.359,-0.615
0.043,0.359,-0.615
0.042,0.355,-0.613
0.036,0.351,-0.61
0.034,0.35,-0.61
0.035,0.346,-0.604
0.029,0.339,-0.599
0.024,0.329,-0.596
0.024,0.329,-0.596
0.014,0.314,-0.605
0.007,0.301,-0.608
-0.006,0.281,-0.613
-0.017,0.271,-0.621
-0.023,0.26,-0.625
-0.021,0.238,-0.624
-0.021,0.238,-0.624
-0.029,0.222,-0.623
-0.043,0.199,-0.618
-0.058,0.173,-0.604
-0.077,0.152,-0.597
-0.089,0.13,-0.58
-0.097,0.116,-0.562
-0.097,0.116,-0.562
-0.109,0.105,-0.549
-0.119,0.088,-0.539
-0.131,0.075,-0.522
-0.143,0.065,-0.507
-0.154,0.052,-0.481
-0.166,0.042,-0.453
-0.166,0.042,-0.453
-0.192,0.035,-0.437
-0.211,0.035,-0.422
-0.237,0.032,-0.41
-0.259,0.038,-0.399
-0.281,0.039,-0.384
-0.306,0.043,-0.37
-0.306,0.043,-0.37
-0.331,0.052,-0.355
-0.357,0.059,-0.348
-0.375,0.072,-0.338
-0.398,0.085,-0.332
-0.421,0.098,-0.318
-0.442,0.111,-0.307
-0.442,0.111,-0.307
-0.454,0.13,-0.306
-0.473,0.148,-0.301
-0.492,0.168,-0.311
-0.52,0.19,-0.304
-0.53,0.214,-0.31
-0.542,0.242,-0.315
-0.542,0.242,-0.315
-0.566,0.269,-0.328
-0.577,0.311,-0.335
-0.587,0.344,-0.351
-0.593,0.384,-0.354
-0.596,0.429,-0.359
-0.592,0.465,-0.348
-0.592,0.465,-0.353
-0.586,0.499,-0.353
-0.577,0.531,-0.347
-0.558,0.562,-0.352
-0.547,0.588,-0.347
-0.528,0.616,-0.355
-0.503,0.649,-0.357
-0.503,0.679,-0.359
-0.471,0.679,-0.359
-0.438,0.71,-0.353
-0.399,0.726,-0.339
-0.362,0.735,-0.313
-0.33,0.734,-0.291
-0.3,0.728,-0.269
-0.274,0.726,-0.26
-0.274,0.726,-0.26
-0.251,0.721,-0.242
-0.229,0.717,-0.24
-0.213,0.714,-0.229
-0.197,0.71,-0.234
-0.182,0.704,-0.225
-0.172,0.704,-0.226
-0.172,0.704,-0.226
-0.159,0.7,-0.227
-0.141,0.693,-0.228
-0.12,0.682,-0.23
-0.109,0.677,-0.228
-0.097,0.664,-0.233
-0.084,0.654,-0.236
-0.084,0.654,-0.236
-0.079,0.641,-0.238
-0.071,0.624,-0.237
-0.062,0.609,-0.241
-0.063,0.593,-0.243
-0.066,0.582,-0.259
-0.063,0.574,-0.262
-0.063,0.574,-0.262
-0.066,0.569,-0.265
-0.064,0.561,-0.27
-0.06,0.551,-0.279
-0.059,0.549,-0.28
-0.05,0.543,-0.274
-0.053,0.529,-0.275
-0.053,0.529,-0.275
-0.053,0.523,-0.271
-0.059,0.514,-0.265
-0.066,0.51,-0.254
-0.075,0.505,-0.242
-0.082,0.504,-0.236
-0.097,0.506,-0.228
-0.097,0.506,-0.228
-0.11,0.512,-0.219
-0.124,0.522,-0.219
-0.139,0.527,-0.212
-0.157,0.54,-0.209
-0.172,0.556,-0.214
-0.186,0.573,-0.214
-0.186,0.573,-0.214
-0.216,0.604,-0.212
-0.231,0.624,-0.23
-0.246,0.645,-0.236
-0.256,0.66,-0.245
-0.254,0.656,-0.253
-0.27,0.673,-0.272
-0.27,0.673,-0.272
-0.285,0.68,-0.29
-0.293,0.688,-0.3
-0.303,0.686,-0.326
-0.318,0.69,-0.341
-0.324,0.684,-0.358
-0.328,0.682,-0.377
-0.328,0.682,-0.392
-0.321,0.686,-0.392
-0.32,0.688,-0.41
-0.314,0.685,-0.432
-0.309,0.683,-0.451
-0.297,0.676,-0.47
-0.292,0.663,-0.494
-0.292,0.652,-0.504
-0.286,0.652,-0.504
-0.278,0.646,-0.52
-0.263,0.637,-0.519
-0.244,0.636,-0.531
-0.23,0.626,-0.539
-0.211,0.623,-0.55
-0.187,0.607,-0.543
-0.187,0.607,-0.543
-0.166,0.598,-0.55
-0.148,0.591,-0.549
-0.123,0.586,-0.535
-0.102,0.58,-0.539
-0.082,0.575,-0.543
-0.064,0.568,-0.537
-0.064,0.568,-0.537
-0.045,0.561,-0.535
-0.027,0.547,-0.535
-0.003,0.533,-0.538
0.019,0.519,-0.53
0.04,0.491,-0.518
0.061,0.469,-0.514
0.061,0.469,-0.514
0.079,0.434,-0.506
0.093,0.412,-0.502
0.106,0.398,-0.492
0.112,0.388,-0.481
0.118,0.382,-0.479
0.132,0.368,-0.474
0.132,0.368,-0.474
0.135,0.353,-0.465
0.139,0.336,-0.469
0.141,0.311,-0.464
0.137,0.287,-0.464
0.123,0.26,-0.467
0.109,0.241,-0.464
0.109,0.241,-0.464
0.095,0.234,-0.46
0.077,0.225,-0.455
0.058,0.213,-0.445
0.05,0.205,-0.446
0.045,0.185,-0.443
0.033,0.17,-0.428
0.033,0.17,-0.428
0.022,0.151,-0.426
0.01,0.131,-0.414
-0.009,0.111,-0.411
-0.034,0.089,-0.403
-0.06,0.073,-0.404
-0.087,0.06,-0.398
-0.087,0.06,-0.398
-0.12,0.048,-0.387
-0.156,0.042,-0.386
-0.182,0.041,-0.383
-0.215,0.034,-0.381
-0.233,0.036,-0.377
-0.256,0.036,-0.373
-0.256,0.036,-0.368
-0.277,0.04,-0.368
-0.307,0.045,-0.361
-0.326,0.049,-0.351
-0.347,0.06,-0.344
-0.363,0.069,-0.332
-0.38,0.084,-0.316
-0.38,0.092,-0.307
-0.406,0.092,-0.307
-0.427,0.111,-0.307
-0.447,0.131,-0.306
-0.468,0.149,-0.307
-0.484,0.162,-0.305
-0.505,0.179,-0.307
-0.521,0.2,-0.311
-0.521,0.2,-0.311
-0.533,0.225,-0.316
-0.552,0.248,-0.325
-0.563,0.272,-0.338
-0.575,0.298,-0.356
-0.584,0.325,-0.358
-0.59,0.352,-0.366
-0.59,0.352,-0.366
-0.596,0.385,-0.385
-0.597,0.413,-0.384
-0.596,0.438,-0.392
-0.59,0.461,-0.399
-0.591,0.482,-0.407
-0.581,0.506,-0.422
-0.581,0.506,-0.422
-0.574,0.535,-0.439
-0.559,0.564,-0.458
-0.542,0.591,-0.464
-0.521,0.619,-0.469
-0.497,0.651,-0.475
-0.475,0.68,-0.473
-0.475,0.68,-0.473
-0.445,0.704,-0.466
-0.41,0.728,-0.456
-0.37,0.75,-0.449
-0.333,0.764,-0.436
-0.3,0.765,-0.42
-0.267,0.768,-0.413
-0.267,0.768,-0.413
-0.235,0.771,-0.411
-0.206,0.771,-0.401
-0.183,0.768,-0.387
-0.155,0.758,-0.366
-0.125,0.751,-0.347
-0.101,0.732,-0.321
-0.101,0.732,-0.321
-0.076,0.71,-0.295
-0.055,0.695,-0.279
-0.041,0.677,-0.271
-0.028,0.665,-0.27
-0.022,0.659,-0.271
-0.011,0.649,-0.267
-0.011,0.649,-0.267
-0.007,0.638,-0.262
0.005,0.627,-0.258
0.013,0.615,-0.255
0.016,0.607,-0.252
0.019,0.601,-0.249
0.019,0.594,-0.253
0.019,0.594,-0.253
0.02,0.588,-0.256
0.019,0.583,-0.251
0.015,0.578,-0.252
0.015,0.575,-0.254
0.008,0.572,-0.255
-0.002,0.575,-0.261
-0.002,0.575,-0.262
-0.007,0.576,-0.262
-0.016,0.579,-0.267
-0.023,0.576,-0.277
-0.027,0.574,-0.275
-0.034,0.574,-0.28
-0.046,0.576,-0.285
-0.046,0.575,-0.295
-0.048,0.575,-0.295
-0.053,0.58,-0.3
-0.056,0.587,-0.312
-0.061,0.593,-0.317
-0.07,0.6,-0.323
-0.078,0.605,-0.334
-0.082,0.61,-0.342
-0.082,0.61,-0.342
-0.09,0.618,-0.351
-0.096,0.618,-0.37
-0.101,0.618,-0.376
-0.106,0.624,-0.391
-0.109,0.625,-0.404
-0.118,0.624,-0.419
-0.118,0.624,-0.419
-0.122,0.628,-0.429
-0.134,0.632,-0.431
-0.141,0.633,-0.442
-0.158,0.641,-0.446
-0.172,0.641,-0.451
-0.188,0.643,-0.455
-0.188,0.643,-0.455
-0.208,0.638,-0.462
-0.232,0.641,-0.462
-0.252,0.636,-0.465
-0.27,0.627,-0.47
-0.289,0.618,-0.482
-0.302,0.623,-0.484
-0.302,0.623,-0.484
-0.304,0.612,-0.489
-0.303,0.61,-0.493
-0.306,0.609,-0.507
-0.309,0.601,-0.506
-0.312,0.597,-0.515
-0.317,0.589,-0.52
-0.317,0.589,-0.52
-0.326,0.576,-0.53
-0.334,0.569,-0.535
-0.341,0.56,-0.547
-0.345,0.545,-0.56
-0.352,0.535,-0.569
-0.352,0.521,-0.585
-0.352,0.521,-0.585
-0.354,0.502,-0.597
-0.351,0.48,-0.613
-0.354,0.455,-0.625
-0.361,0.424,-0.638
-0.366,0.394,-0.638
-0.372,0.357,-0.635
-0.372,0.357,-0.635
-0.375,0.323,-0.624
-0.375,0.292,-0.611
-0.366,0.272,-0.592
-0.355,0.256,-0.59
-0.341,0.246,-0.583
-0.332,0.228,-0.579
-0.332,0.228,-0.578
-0.321,0.209,-0.578
-0.316,0.194,-0.567
-0.305,0.173,-0.554
-0.296,0.153,-0.548
-0.288,0.133,-0.532
-0.281,0.116,-0.511
-0.281,0.099,-0.495
-0.274,0.099,-0.495
-0.27,0.086,-0.465
-0.268,0.075,-0.447
-0.263,0.069,-0.426
-0.261,0.071,-0.41
-0.266,0.066,-0.385
-0.265,0.07,-0.362
-0.265,0.07,-0.362
-0.27,0.072,-0.337
-0.27,0.073,-0.326
-0.269,0.078,-0.304
-0.27,0.08,-0.284
-0.267,0.075,-0.272
-0.275,0.083,-0.26
-0.275,0.083,-0.26
-0.277,0.089,-0.245
-0.284,0.093,-0.234
-0.29,0.099,-0.223
-0.293,0.102,-0.223
-0.304,0.111,-0.205
-0.312,0.123,-0.194
-0.312,0.123,-0.194
-0.324,0.136,-0.176
-0.33,0.149,-0.17
-0.337,0.164,-0.153
-0.339,0.177,-0.14
-0.353,0.197,-0.137
-0.365,0.212,-0.128
-0.365,0.212,-0.128
-0.383,0.235,-0.131
-0.41,0.264,-0.126
-0.428,0.296,-0.129
-0.444,0.338,-0.125
-0.46,0.374,-0.129
-0.469,0.414,-0.136
-0.469,0.414,-0.136
-0.473,0.452,-0.149
-0.48,0.492,-0.166
-0.477,0.525,-0.177
-0.468,0.563,-0.19
-0.459,0.604,-0.208
-0.444,0.639,-0.224
-0.444,0.639,-0.224
-0.421,0.665,-0.243
-0.394,0.689,-0.271
-0.365,0.71,-0.293
-0.333,0.727,-0.307
-0.305,0.737,-0.324
-0.271,0.742,-0.34
-0.271,0.742,-0.34
-0.237,0.744,-0.355
-0.202,0.744,-0.368
-0.171,0.736,-0.374
-0.146,0.726,-0.368
-0.119,0.719,-0.36
-0.091,0.706,-0.358
-0.091,0.706,-0.344
-0.067,0.687,-0.344
-0.044,0.675,-0.333
-0.026,0.662,-0.317
-0.018,0.649,-0.322
-0.022,0.651,-0.304
-0.036,0.661,-0.312
-0.036,0.667,-0.308
-0.047,0.667,-0.308
-0.054,0.68,-0.303
-0.064,0.686,-0.297
-0.073,0.688,-0.304
-0.081,0.694,-0.298
-0.1,0.709,-0.296
-0.115,0.719,-0.3
-0.115,0.719,-0.3
-0.138,0.731,-0.303
-0.163,0.739,-0.305
-0.189,0.753,-0.312
-0.221,0.757,-0.322
-0.254,0.766,-0.33
-0.287,0.759,-0.343
-0.287,0.759,-0.343
-0.312,0.76,-0.361
-0.342,0.752,-0.376
-0.373,0.741,-0.403
-0.405,0.728,-0.431
-0.433,0.711,-0.465
-0.453,0.683,-0.492
-0.453,0.683,-0.492
-0.471,0.657,-0.515
-0.489,0.629,-0.533
-0.5,0.595,-0.555
-0.51,0.564,-0.566
-0.508,0.526,-0.583
-0.508,0.489,-0.597
-0.508,0.489,-0.597
-0.506,0.45,-0.605
-0.51,0.416,-0.606
-0.512,0.385,-0.598
-0.518,0.36,-0.583
-0.521,0.324,-0.58
-0.525,0.297,-0.572
-0.525,0.297,-0.572
-0.51,0.264,-0.563
-0.506,0.237,-0.55
-0.496,0.209,-0.541
-0.487,0.184,-0.527
-0.478,0.163,-0.517
-0.468,0.143,-0.497
-0.468,0.143,-0.497
-0.457,0.123,-0.478
-0.441,0.108,-0.464
-0.425,0.095,-0.461
-0.41,0.083,-0.446
-0.39,0.071,-0.441
-0.369,0.058,-0.431
-0.369,0.058,-0.431
-0.349,0.048,-0.434
-0.332,0.048,-0.435
-0.313,0.04,-0.439
-0.297,0.038,-0.446
-0.273,0.037,-0.458
-0.257,0.035,-0.472
-0.257,0.035,-0.472
-0.241,0.034,-0.487
-0.226,0.042,-0.5
-0.218,0.051,-0.519
-0.209,0.061,-0.541
-0.201,0.073,-0.563
-0.194,0.088,-0.578
-0.194,0.088,-0.595
-0.191,0.112,-0.595
-0.183,0.132,-0.607
-0.175,0.16,-0.612
-0.18,0.188,-0.614
-0.179,0.207,-0.6
-0.169,0.214,-0.579
-0.169,0.204,-0.574
-0.14,0.204,-0.574
-0.094,0.198,-0.612
-0.061,0.216,-0.659
-0.063,0.266,-0.703
-0.092,0.321,-0.726
-0.116,0.368,-0.733
-0.139,0.405,-0.734
-0.139,0.405,-0.734
-0.157,0.436,-0.726
-0.173,0.462,-0.721
-0.18,0.483,-0.714
-0.186,0.506,-0.712
-0.19,0.526,-0.697
-0.193,0.548,-0.692
-0.193,0.548,-0.692
-0.191,0.574,-0.683
-0.178,0.591,-0.67
-0.165,0.61,-0.658
-0.144,0.621,-0.652
-0.117,0.63,-0.636
-0.092,0.632,-0.622
-0.092,0.632,-0.622
-0.067,0.622,-0.606
-0.046,0.612,-0.597
-0.028,0.6,-0.595
-0.01,0.591,-0.592
0.006,0.58,-0.581
0.01,0.572,-0.576
0.01,0.572,-0.576
0.014,0.564,-0.576
0.022,0.561,-0.576
0.022,0.555,-0.574
0.028,0.552,-0.577
0.025,0.542,-0.578
0.031,0.534,-0.577
0.031,0.534,-0.577
0.034,0.526,-0.579
0.032,0.522,-0.577
0.034,0.517,-0.578
0.034,0.516,-0.579
0.033,0.516,-0.579
0.029,0.522,-0.581
0.029,0.522,-0.581
0.028,0.526,-0.574
0.018,0.531,-0.57
0.012,0.539,-0.58
0.011,0.548,-0.58
0.003,0.559,-0.578
-0.005,0.567,-0.568
-0.005,0.567,-0.568
-0.01,0.576,-0.557
-0.01,0.585,-0.541
-0.007,0.597,-0.523
-0.008,0.611,-0.521
-0.011,0.621,-0.505
-0.015,0.628,-0.489
-0.015,0.628,-0.468
-0.014,0.645,-0.468
-0.016,0.649,-0.451
-0.018,0.658,-0.431
-0.024,0.674,-0.409
-0.035,0.685,-0.386
-0.046,0.699,-0.352
-0.046,0.702,-0.324
-0.052,0.702,-0.324
-0.057,0.7,-0.283
-0.068,0.683,-0.239
-0.072,0.653,-0.205
-0.083,0.606,-0.179
-0.087,0.572,-0.165
-0.092,0.537,-0.164
-0.092,0.537,-0.164
-0.101,0.507,-0.169
-0.109,0.487,-0.179
-0.116,0.473,-0.18
-0.124,0.47,-0.191
-0.123,0.466,-0.191
-0.118,0.459,-0.203
-0.118,0.459,-0.203
-0.116,0.451,-0.217
-0.111,0.453,-0.235
-0.107,0.459,-0.253
-0.097,0.465,-0.262
-0.095,0.473,-0.276
-0.094,0.477,-0.291
-0.094,0.477,-0.291
-0.089,0.484,-0.303
-0.092,0.492,-0.305
-0.087,0.497,-0.313
-0.087,0.505,-0.317
-0.086,0.514,-0.326
-0.082,0.522,-0.328
-0.082,0.522,-0.328
-0.082,0.537,-0.334
-0.082,0.552,-0.341
-0.087,0.567,-0.354
-0.093,0.577,-0.358
-0.1,0.594,-0.363
-0.112,0.606,-0.353
-0.112,0.606,-0.353
-0.121,0.625,-0.356
-0.133,0.635,-0.349
-0.148,0.641,-0.34
-0.154,0.648,-0.327
-0.163,0.654,-0.319
-0.175,0.656,-0.303
-0.175,0.656,-0.303
-0.179,0.655,-0.295
-0.188,0.646,-0.272
-0.19,0.634,-0.264
-0.194,0.626,-0.254
-0.194,0.612,-0.238
-0.193,0.6,-0.235
-0.193,0.6,-0.235
-0.188,0.594,-0.233
-0.18,0.592,-0.221
-0.175,0.593,-0.221
-0.176,0.598,-0.214
-0.175,0.609,-0.203
-0.178,0.618,-0.186
-0.178,0.618,-0.186
-0.191,0.626,-0.186
-0.2,0.638,-0.178
-0.209,0.648,-0.168
-0.219,0.661,-0.165
-0.241,0.668,-0.159
-0.258,0.677,-0.16
-0.258,0.677,-0.166
-0.272,0.681,-0.166
-0.293,0.684,-0.169
-0.308,0.685,-0.177
-0.329,0.687,-0.181
-0.346,0.689,-0.201
-0.359,0.684,-0.214
-0.359,0.683,-0.223
-0.376,0.683,-0.223
-0.39,0.677,-0.236
-0.403,0.674,-0.242
-0.415,0.672,-0.255
-0.431,0.661,-0.264
-0.445,0.659,-0.276
-0.459,0.649,-0.285
-0.459,0.649,-0.285
-0.471,0.641,-0.288
-0.486,0.63,-0.285
-0.502,0.62,-0.292
-0.513,0.605,-0.298
-0.526,0.594,-0.3
-0.54,0.572,-0.307
-0.54,0.572,-0.307
-0.552,0.554,-0.307
-0.56,0.533,-0.307
-0.571,0.509,-0.3
-0.576,0.489,-0.303
-0.578,0.465,-0.285
-0.577,0.44,-0.275
-0.577,0.44,-0.275
-0.578,0.41,-0.256
-0.569,0.387,-0.244
-0.557,0.357,-0.22
-0.542,0.329,-0.204
-0.526,0.295,-0.184
-0.502,0.268,-0.17
-0.502,0.268,-0.17
-0.471,0.243,-0.16
-0.445,0.221,-0.15
-0.419,0.201,-0.144
-0.39,0.183,-0.148
-0.358,0.163,-0.144
-0.326,0.148,-0.155
-0.326,0.148,-0.155
-0.293,0.13,-0.156
-0.267,0.116,-0.16
-0.24,0.109,-0.166
-0.217,0.099,-0.181
-0.204,0.088,-0.196
-0.183,0.076,-0.223
-0.183,0.076,-0.223
-0.168,0.064,-0.244
-0.155,0.054,-0.274
-0.147,0.046,-0.31
-0.145,0.039,-0.347
-0.135,0.038,-0.384
-0.14,0.044,-0.429
-0.14,0.044,-0.429
-0.15,0.05,-0.473
-0.16,0.067,-0.515
-0.17,0.087,-0.553
-0.179,0.111,-0.588
-0.198,0.137,-0.618
-0.209,0.164,-0.634
-0.209,0.164,-0.655
-0.224,0.189,-0.655
-0.23,0.211,-0.674
-0.24,0.234,-0.692
-0.243,0.254,-0.69
-0.246,0.269,-0.698
-0.243,0.279,-0.706
-0.243,0.288,-0.707
-0.246,0.288,-0.707
-0.245,0.299,-0.709
-0.239,0.309,-0.715
-0.225,0.312,-0.711
-0.209,0.311,-0.718
-0.192,0.317,-0.719
-0.167,0.319,-0.714
-0.167,0.319,-0.714
-0.144,0.325,-0.711
-0.123,0.332,-0.705
-0.104,0.337,-0.711
-0.088,0.354,-0.702
-0.067,0.358,-0.694
-0.05,0.369,-0.691
-0.05,0.369,-0.691
-0.033,0.365,-0.68
-0.014,0.364,-0.67
0.011,0.354,-0.663
0.03,0.345,-0.643
0.047,0.337,-0.63
0.062,0.328,-0.619
0.062,0.328,-0.619
0.078,0.316,-0.595
0.091,0.299,-0.578
0.092,0.286,-0.571
0.093,0.265,-0.553
0.09,0.25,-0.554
0.089,0.23,-0.546
0.089,0.23,-0.546
0.077,0.216,-0.535
0.073,0.198,-0.532
0.065,0.189,-0.519
0.06,0.171,-0.512
0.054,0.158,-0.506
0.042,0.141,-0.49
0.042,0.141,-0.49
0.034,0.126,-0.479
0.023,0.11,-0.468
0.007,0.099,-0.457
-0.014,0.087,-0.455
-0.025,0.076,-0.444
-0.039,0.067,-0.442
-0.039,0.067,-0.442
-0.053,0.056,-0.431
-0.072,0.05,-0.414
-0.089,0.044,-0.395
-0.105,0.039,-0.385
-0.114,0.033,-0.377
-0.131,0.03,-0.368
-0.131,0.03,-0.368
-0.146,0.033,-0.361
-0.165,0.031,-0.356
-0.177,0.031,-0.355
-0.192,0.031,-0.341
-0.2,0.03,-0.329
-0.209,0.03,-0.325
-0.209,0.03,-0.325
-0.227,0.034,-0.312
-0.246,0.042,-0.298
-0.254,0.042,-0.278
-0.268,0.059,-0.254
-0.276,0.071,-0.241
-0.286,0.082,-0.222
-0.286,0.082,-0.208
-0.284,0.088,-0.208
-0.275,0.098,-0.2
-0.265,0.101,-0.19
-0.246,0.112,-0.181
-0.223,0.116,-0.178
-0.197,0.121,-0.18
-0.197,0.122,-0.181
-0.171,0.122,-0.181
-0.147,0.124,-0.182
-0.126,0.126,-0.184
-0.11,0.129,-0.194
-0.09,0.133,-0.193
-0.081,0.133,-0.203
-0.068,0.132,-0.222
-0.068,0.132,-0.222
-0.057,0.127,-0.233
-0.053,0.127,-0.239
-0.049,0.125,-0.248
-0.044,0.124,-0.264
-0.039,0.117,-0.271
-0.032,0.112,-0.285
-0.032,0.112,-0.285
-0.025,0.115,-0.293
-0.018,0.12,-0.294
-0.008,0.124,-0.303
0.002,0.131,-0.314
0.012,0.136,-0.321
0.02,0.14,-0.325
0.02,0.14,-0.325
0.024,0.139,-0.324
0.03,0.146,-0.331
0.036,0.15,-0.337
0.039,0.149,-0.337
0.044,0.15,-0.339
0.04,0.151,-0.343
0.04,0.151,-0.343
0.038,0.148,-0.349
0.038,0.148,-0.357
0.039,0.145,-0.358
0.039,0.141,-0.366
0.038,0.144,-0.363
0.037,0.145,-0.372
0.037,0.145,-0.372
0.041,0.146,-0.368
0.039,0.148,-0.358
0.038,0.143,-0.353
0.038,0.148,-0.337
0.035,0.144,-0.326
0.029,0.15,-0.315
0.029,0.15,-0.315
0.029,0.151,-0.288
0.02,0.154,-0.267
0.007,0.157,-0.244
-0.003,0.155,-0.226
-0.017,0.164,-0.202
-0.036,0.176,-0.185
-0.036,0.176,-0.185
-0.055,0.18,-0.169
-0.078,0.186,-0.154
-0.108,0.188,-0.133
-0.144,0.197,-0.111
-0.189,0.206,-0.102
-0.239,0.213,-0.093
-0.239,0.213,-0.093
-0.288,0.228,-0.093
-0.339,0.24,-0.106
-0.391,0.25,-0.123
-0.437,0.268,-0.15
-0.481,0.283,-0.178
-0.517,0.301,-0.221
-0.517,0.322,-0.267
-0.545,0.322,-0.267
-0.57,0.346,-0.319
-0.582,0.374,-0.381
-0.577,0.401,-0.435
-0.565,0.439,-0.491
-0.546,0.474,-0.535
-0.51,0.503,-0.566
-0.51,0.503,-0.566
-0.479,0.53,-0.587
-0.441,0.555,-0.607
-0.41,0.576,-0.618
-0.382,0.602,-0.612
-0.35,0.627,-0.613
-0.32,0.654,-0.597
-0.32,0.654,-0.597
-0.279,0.674,-0.59
-0.24,0.69,-0.575
-0.196,0.699,-0.558
-0.155,0.697,-0.538
-0.119,0.696,-0.519
-0.092,0.699,-0.487
-0.092,0.699,-0.487
-0.068,0.691,-0.464
-0.048,0.68,-0.437
-0.039,0.674,-0.414
-0.026,0.666,-0.386
-0.018,0.656,-0.354
-0.017,0.644,-0.333
-0.017,0.644,-0.333
-0.017,0.632,-0.301
-0.023,0.628,-0.282
-0.035,0.618,-0.27
-0.045,0.622,-0.272
-0.053,0.62,-0.273
-0.066,0.625,-0.269
-0.066,0.625,-0.269
-0.07,0.632,-0.268
-0.082,0.636,-0.27
-0.09,0.635,-0.269
-0.088,0.64,-0.27
-0.094,0.643,-0.274
-0.105,0.649,-0.274
-0.105,0.649,-0.274
-0.111,0.661,-0.285
-0.126,0.677,-0.291
-0.134,0.679,-0.303
-0.146,0.688,-0.309
-0.151,0.688,-0.309
-0.156,0.692,-0.312
-0.156,0.692,-0.312
-0.166,0.703,-0.313
-0.171,0.708,-0.319
-0.18,0.711,-0.332
-0.181,0.713,-0.344
-0.191,0.714,-0.364
-0.195,0.716,-0.368
-0.195,0.716,-0.368
-0.206,0.713,-0.376
-0.212,0.714,-0.39
-0.217,0.711,-0.402
-0.223,0.713,-0.411
-0.23,0.703,-0.427
-0.235,0.708,-0.43
-0.235,0.708,-0.44
-0.239,0.699,-0.44
-0.237,0.698,-0.455
-0.241,0.699,-0.462
-0.239,0.688,-0.48
-0.244,0.685,-0.489
-0.252,0.681,-0.498
-0.252,0.677,-0.508
-0.267,0.677,-0.508
-0.287,0.664,-0.516
-0.311,0.651,-0.526
-0.334,0.637,-0.537
-0.362,0.621,-0.543
-0.383,0.596,-0.556
-0.407,0.57,-0.562
-0.407,0.57,-0.562
-0.423,0.537,-0.568
-0.427,0.525,-0.574
-0.426,0.512,-0.589
-0.42,0.497,-0.587
-0.416,0.484,-0.6
-0.402,0.463,-0.611
-0.402,0.463,-0.611
-0.393,0.448,-0.629
-0.379,0.427,-0.632
-0.357,0.415,-0.64
-0.339,0.396,-0.647
-0.321,0.381,-0.651
-0.306,0.36,-0.665
-0.306,0.36,-0.665
-0.294,0.339,-0.668
-0.281,0.318,-0.675
-0.263,0.287,-0.682
-0.244,0.257,-0.674
-0.224,0.22,-0.663
-0.212,0.177,-0.648
-0.212,0.177,-0.648
-0.203,0.125,-0.63
-0.195,0.087,-0.585
-0.193,0.062,-0.538
-0.189,0.066,-0.489
-0.195,0.077,-0.463
-0.196,0.094,-0.452
-0.196,0.094,-0.452
-0.195,0.095,-0.439
-0.2,0.091,-0.433
-0.202,0.084,-0.422
-0.206,0.078,-0.409
-0.215,0.07,-0.399
-0.225,0.065,-0.38
-0.225,0.065,-0.38
-0.245,0.064,-0.37
-0.259,0.065,-0.356
-0.278,0.062,-0.336
-0.295,0.067,-0.321
-0.315,0.078,-0.308
-0.332,0.085,-0.293
-0.332,0.085,-0.293
-0.353,0.096,-0.288
-0.376,0.103,-0.274
-0.403,0.123,-0.273
-0.42,0.136,-0.263
-0.446,0.155,-0.26
-0.469,0.172,-0.262
-0.469,0.172,-0.269
-0.488,0.191,-0.269
-0.513,0.216,-0.265
-0.528,0.24,-0.275
-0.544,0.261,-0.267
-0.563,0.295,-0.275
-0.571,0.327,-0.281
-0.571,0.357,-0.299
-0.58,0.357,-0.299
-0.587,0.387,-0.293
-0.595,0.414,-0.305
-0.592,0.449,-0.311
-0.593,0.481,-0.321
-0.587,0.51,-0.333
-0.582,0.544,-0.333
-0.582,0.544,-0.333
-0.562,0.57,-0.342
-0.55,0.603,-0.343
-0.527,0.632,-0.342
-0.502,0.656,-0.344
-0.475,0.68,-0.339
-0.443,0.7,-0.331
-0.443,0.7,-0.331
-0.398,0.707,-0.328
-0.369,0.723,-0.315
-0.332,0.734,-0.31
-0.295,0.732,-0.312
-0.258,0.738,-0.312
-0.231,0.737,-0.317
-0.231,0.737,-0.317
-0.2,0.728,-0.314
-0.18,0.724,-0.307
-0.166,0.718,-0.313
-0.148,0.719,-0.32
-0.132,0.708,-0.315
-0.113,0.702,-0.316
-0.113,0.702,-0.316
-0.096,0.697,-0.317
-0.086,0.687,-0.317
-0.082,0.679,-0.31
-0.071,0.673,-0.317
-0.072,0.674,-0.313
-0.066,0.672,-0.319
-0.066,0.672,-0.319
-0.068,0.676,-0.318
-0.07,0.67,-0.325
-0.074,0.679,-0.328
-0.084,0.685,-0.331
-0.103,0.695,-0.329
-0.123,0.706,-0.33
-0.123,0.706,-0.33
-0.15,0.712,-0.327
-0.177,0.717,-0.319
-0.204,0.716,-0.312
-0.24,0.717,-0.297
-0.272,0.709,-0.286
-0.311,0.702,-0.264
-0.311,0.702,-0.264
-0.344,0.681,-0.244
-0.381,0.66,-0.229
-0.417,0.628,-0.22
-0.445,0.586,-0.198
-0.478,0.546,-0.196
-0.5,0.504,-0.2
-0.5,0.504,-0.197
-0.517,0.458,-0.197
-0.53,0.412,-0.211
-0.534,0.367,-0.216
-0.536,0.325,-0.22
-0.533,0.28,-0.234
-0.519,0.239,-0.241
-0.519,0.2,-0.256
-0.503,0.2,-0.256
-0.487,0.173,-0.269
-0.468,0.141,-0.284
-0.447,0.112,-0.3
-0.425,0.095,-0.319
-0.395,0.076,-0.329
-0.379,0.061,-0.341
-0.379,0.061,-0.341
-0.35,0.048,-0.347
-0.334,0.042,-0.359
-0.315,0.041,-0.376
-0.299,0.036,-0.382
-0.286,0.035,-0.389
-0.277,0.033,-0.403
-0.277,0.033,-0.403
-0.265,0.036,-0.409
-0.254,0.04,-0.422
-0.247,0.039,-0.432
-0.235,0.042,-0.457
-0.222,0.049,-0.459
-0.22,0.053,-0.48
-0.22,0.053,-0.48
-0.216,0.055,-0.484
-0.216,0.057,-0.498
-0.209,0.066,-0.515
-0.212,0.075,-0.523
-0.212,0.09,-0.543
-0.21,0.101,-0.557
-0.21,0.101,-0.557
-0.212,0.118,-0.575
-0.214,0.134,-0.594
-0.219,0.151,-0.611
-0.221,0.168,-0.625
-0.23,0.196,-0.641
-0.24,0.224,-0.652
-0.24,0.224,-0.652
-0.246,0.246,-0.661
-0.26,0.275,-0.658
-0.268,0.297,-0.664
-0.277,0.317,-0.669
-0.289,0.335,-0.662
-0.301,0.358,-0.661
-0.301,0.358,-0.661
-0.305,0.379,-0.661
-0.31,0.392,-0.654
-0.317,0.405,-0.655
-0.32,0.42,-0.647
-0.317,0.438,-0.652
-0.316,0.447,-0.649
-0.316,0.447,-0.649
-0.31,0.459,-0.647
-0.299,0.472,-0.642
-0.296,0.485,-0.642
-0.287,0.503,-0.637
-0.285,0.519,-0.622
-0.283,0.543,-0.616
-0.283,0.556,-0.612
-0.283,0.556,-0.612
-0.272,0.575,-0.606
-0.257,0.592,-0.599
-0.24,0.602,-0.585
-0.227,0.619,-0.574
-0.21,0.625,-0.566
-0.198,0.634,-0.564
-0.198,0.634,-0.564
-0.168,0.636,-0.555
-0.145,0.635,-0.548
-0.116,0.636,-0.545
-0.089,0.633,-0.538
-0.06,0.627,-0.529
-0.037,0.616,-0.521
-0.037,0.616,-0.521
-0.015,0.606,-0.527
0.004,0.59,-0.532
0.014,0.569,-0.542
0.019,0.559,-0.559
0.021,0.553,-0.575
0.017,0.555,-0.58
0.017,0.555,-0.58
0.01,0.557,-0.592
-0.003,0.561,-0.605
-0.019,0.56,-0.61
-0.042,0.567,-0.629
-0.061,0.573,-0.641
-0.088,0.578,-0.655
-0.088,0.578,-0.655
-0.116,0.587,-0.658
-0.147,0.598,-0.662
-0.182,0.603,-0.661
-0.211,0.607,-0.657
-0.249,0.613,-0.653
-0.285,0.62,-0.645
-0.285,0.62,-0.645
-0.323,0.62,-0.643
-0.345,0.624,-0.631
-0.372,0.619,-0.613
-0.397,0.62,-0.598
-0.426,0.618,-0.586
-0.446,0.61,-0.578
-0.446,0.61,-0.578
-0.468,0.593,-0.564
-0.492,0.573,-0.553
-0.51,0.56,-0.533
-0.531,0.537,-0.517
-0.551,0.52,-0.492
-0.569,0.506,-0.466
-0.569,0.506,-0.466
-0.576,0.494,-0.431
-0.586,0.486,-0.4
-0.589,0.482,-0.373
-0.584,0.47,-0.352
-0.588,0.464,-0.33
-0.585,0.452,-0.307
-0.585,0.452,-0.307
-0.581,0.433,-0.28
-0.574,0.421,-0.251
-0.562,0.4,-0.23
-0.554,0.375,-0.22
-0.546,0.351,-0.206
-0.533,0.319,-0.199
-0.533,0.287,-0.197
-0.524,0.287,-0.197
-0.503,0.253,-0.196
-0.483,0.229,-0.195
-0.462,0.203,-0.193
-0.442,0.175,-0.184
-0.413,0.153,-0.188
-0.385,0.129,-0.188
-0.385,0.129,-0.188
-0.353,0.113,-0.197
-0.323,0.094,-0.203
-0.291,0.087,-0.22
-0.263,0.078,-0.228
-0.233,0.067,-0.238
-0.205,0.059,-0.255
-0.205,0.059,-0.255
-0.181,0.053,-0.271
-0.167,0.052,-0.29
-0.146,0.054,-0.299
-0.136,0.054,-0.312
-0.122,0.05,-0.324
-0.115,0.049,-0.339
-0.115,0.049,-0.339
-0.108,0.053,-0.358
-0.099,0.054,-0.376
-0.096,0.059,-0.387
-0.093,0.063,-0.412
-0.095,0.065,-0.429
-0.093,0.072,-0.447
-0.093,0.072,-0.447
-0.089,0.075,-0.463
-0.095,0.083,-0.481
-0.099,0.087,-0.494
-0.109,0.095,-0.512
-0.114,0.098,-0.53
-0.127,0.103,-0.544
-0.127,0.103,-0.544
-0.139,0.108,-0.552
-0.15,0.119,-0.56
-0.161,0.13,-0.576
-0.172,0.135,-0.586
-0.186,0.148,-0.592
-0.194,0.157,-0.6
-0.194,0.157,-0.6
-0.207,0.167,-0.607
-0.217,0.178,-0.616
-0.229,0.191,-0.622
-0.237,0.202,-0.628
-0.251,0.214,-0.631
-0.267,0.228,-0.638
-0.267,0.228,-0.638
-0.277,0.24,-0.639
-0.293,0.258,-0.641
-0.305,0.278,-0.649
-0.313,0.293,-0.644
-0.314,0.313,-0.65
-0.309,0.328,-0.652
-0.309,0.328,-0.652
-0.307,0.34,-0.652
-0.309,0.354,-0.652
-0.311,0.367,-0.654
-0.309,0.38,-0.656
-0.303,0.392,-0.659
-0.294,0.409,-0.658
-0.294,0.409,-0.653
-0.286,0.425,-0.653
-0.274,0.442,-0.646
-0.268,0.454,-0.655
-0.248,0.47,-0.652
-0.236,0.488,-0.649
-0.227,0.504,-0.642
-0.227,0.523,-0.639
-0.215,0.523,-0.639
-0.21,0.54,-0.629
-0.207,0.55,-0.623
-0.188,0.568,-0.618
-0.182,0.58,-0.608
-0.171,0.598,-0.593
-0.162,0.611,-0.576
-0.162,0.611,-0.576
-0.145,0.626,-0.564
-0.131,0.634,-0.549
-0.12,0.647,-0.523
-0.107,0.653,-0.503
-0.088,0.657,-0.485
-0.077,0.663,-0.466
-0.077,0.663,-0.466
-0.07,0.662,-0.456
-0.06,0.665,-0.443
-0.056,0.666,-0.44
-0.057,0.665,-0.441
-0.055,0.665,-0.445
-0.054,0.662,-0.451
-0.054,0.662,-0.451
-0.057,0.656,-0.459
-0.061,0.655,-0.471
-0.068,0.647,-0.486
-0.077,0.647,-0.502
-0.08,0.634,-0.516
-0.081,0.624,-0.529
-0.081,0.624,-0.529
-0.078,0.604,-0.551
-0.076,0.583,-0.56
-0.067,0.557,-0.559
-0.056,0.531,-0.57
-0.042,0.497,-0.573
-0.031,0.461,-0.569
-0.031,0.461,-0.569
-0.027,0.427,-0.572
-0.019,0.391,-0.571
-0.017,0.357,-0.57
-0.019,0.326,-0.569
-0.023,0.295,-0.552
-0.027,0.269,-0.549
-0.027,0.269,-0.549
-0.031,0.244,-0.532
-0.035,0.225,-0.524
-0.037,0.204,-0.521
-0.047,0.181,-0.497
-0.058,0.157,-0.49
-0.064,0.14,-0.468
-0.064,0.14,-0.468
-0.079,0.122,-0.448
-0.089,0.101,-0.42
-0.104,0.083,-0.395
-0.12,0.07,-0.371
-0.144,0.064,-0.338
-0.17,0.062,-0.313
-0.17,0.062,-0.313
-0.195,0.071,-0.291
-0.212,0.069,-0.271
-0.232,0.074,-0.257
-0.252,0.083,-0.242
-0.267,0.093,-0.229
-0.283,0.097,-0.221
-0.283,0.097,-0.212
-0.299,0.102,-0.212
-0.31,0.107,-0.205
-0.315,0.107,-0.21
-0.326,0.111,-0.21
-0.334,0.112,-0.207
-0.346,0.119,-0.211
-0.346,0.118,-0.207
-0.355,0.118,-0.207
-0.371,0.123,-0.213
-0.381,0.128,-0.226
-0.394,0.131,-0.226
-0.407,0.131,-0.236
-0.411,0.129,-0.247
-0.417,0.123,-0.255
-0.417,0.123,-0.255
-0.428,0.128,-0.26
-0.44,0.128,-0.275
-0.444,0.131,-0.285
-0.454,0.133,-0.298
-0.467,0.14,-0.304
-0.479,0.147,-0.319
-0.479,0.147,-0.319
-0.489,0.151,-0.336
-0.498,0.163,-0.353
-0.51,0.172,-0.365
-0.511,0.182,-0.388
-0.516,0.187,-0.413
-0.519,0.192,-0.44
-0.519,0.192,-0.44
-0.513,0.192,-0.457
-0.502,0.194,-0.478
-0.491,0.199,-0.506
-0.478,0.207,-0.54
-0.463,0.217,-0.57
-0.451,0.236,-0.595
-0.451,0.236,-0.595
-0.429,0.257,-0.623
-0.416,0.286,-0.646
-0.397,0.315,-0.662
-0.369,0.343,-0.676
-0.347,0.37,-0.696
-0.315,0.393,-0.702
-0.315,0.393,-0.702
-0.279,0.415,-0.706
-0.248,0.438,-0.703
-0.219,0.471,-0.705
-0.193,0.494,-0.701
-0.167,0.521,-0.687
-0.134,0.533,-0.673
-0.134,0.533,-0.673
-0.101,0.544,-0.657
-0.071,0.551,-0.634
-0.039,0.552,-0.614
-0.013,0.546,-0.592
0.004,0.538,-0.572
0.023,0.532,-0.559
0.023,0.532,-0.546
0.03,0.526,-0.546
0.043,0.527,-0.527
0.047,0.527,-0.523
0.053,0.53,-0.52
0.051,0.535,-0.512
0.053,0.533,-0.508
0.053,0.531,-0.505
0.053,0.531,-0.505
0.054,0.529,-0.493
0.054,0.529,-0.494
0.052,0.529,-0.488
0.053,0.532,-0.5
0.049,0.538,-0.502
0.041,0.535,-0.5
0.041,0.535,-0.5
0.039,0.537,-0.514
0.024,0.533,-0.531
0.011,0.535,-0.549
-0.005,0.537,-0.563
-0.025,0.537,-0.582
-0.052,0.541,-0.589
-0.052,0.541,-0.589
-0.077,0.538,-0.605
-0.111,0.535,-0.611
-0.143,0.53,-0.616
-0.174,0.531,-0.632
-0.207,0.524,-0.631
-0.239,0.518,-0.637
-0.239,0.518,-0.637
-0.264,0.501,-0.639
-0.29,0.484,-0.64
-0.312,0.468,-0.638
-0.342,0.446,-0.63
-0.366,0.418,-0.627
-0.393,0.394,-0.61
-0.393,0.394,-0.61
-0.416,0.371,-0.602
-0.432,0.349,-0.589
-0.443,0.314,-0.578
-0.444,0.28,-0.561
-0.443,0.253,-0.552
-0.438,0.223,-0.54
-0.438,0.223,-0.54
-0.432,0.197,-0.529
-0.423,0.179,-0.517
-0.411,0.154,-0.51
-0.404,0.13,-0.495
-0.385,0.112,-0.482
-0.364,0.099,-0.466
-0.364,0.099,-0.466
-0.347,0.088,-0.439
-0.335,0.079,-0.425
-0.322,0.073,-0.409
-0.308,0.067,-0.39
-0.302,0.067,-0.37
-0.303,0.071,-0.349
-0.303,0.071,-0.349
-0.303,0.072,-0.33
-0.302,0.073,-0.316
-0.3,0.074,-0.295
-0.3,0.077,-0.29
-0.301,0.088,-0.268
-0.307,0.089,-0.26
-0.307,0.089,-0.252
-0.309,0.097,-0.252
-0.321,0.102,-0.242
-0.328,0.108,-0.239
-0.336,0.115,-0.222
-0.345,0.125,-0.217
-0.35,0.137,-0.196
-0.35,0.148,-0.187
-0.36,0.148,-0.187
-0.368,0.164,-0.183
-0.376,0.181,-0.178
-0.382,0.196,-0.168
-0.39,0.208,-0.154
-0.399,0.229,-0.149
-0.406,0.248,-0.138
-0.406,0.248,-0.138
-0.41,0.266,-0.136
-0.411,0.296,-0.122
-0.417,0.317,-0.116
-0.41,0.34,-0.104
-0.401,0.362,-0.098
-0.393,0.383,-0.102
-0.393,0.383,-0.102
-0.38,0.403,-0.089
-0.37,0.424,-0.085
-0.36,0.441,-0.08
-0.35,0.451,-0.076
-0.342,0.458,-0.079
-0.337,0.46,-0.074
-0.337,0.46,-0.074
-0.34,0.457,-0.073
-0.338,0.446,-0.075
-0.347,0.426,-0.068
-0.349,0.413,-0.073
-0.356,0.405,-0.068
-0.336,0.405,-0.064
-0.336,0.405,-0.064
-0.321,0.398,-0.069
-0.315,0.395,-0.068
-0.301,0.39,-0.064
-0.294,0.38,-0.062
-0.295,0.376,-0.066
-0.296,0.361,-0.06
-0.296,0.361,-0.06
-0.302,0.341,-0.069
-0.313,0.325,-0.069
-0.322,0.301,-0.084
-0.336,0.282,-0.09
-0.351,0.265,-0.097
-0.364,0.248,-0.107
-0.364,0.248,-0.107
-0.375,0.232,-0.125
-0.38,0.213,-0.135
-0.37,0.212,-0.13
-0.353,0.214,-0.123
-0.33,0.216,-0.112
-0.299,0.208,-0.102
-0.299,0.208,-0.102
-0.287,0.191,-0.113
-0.271,0.175,-0.132
-0.254,0.156,-0.144
-0.247,0.132,-0.163
-0.249,0.109,-0.19
-0.255,0.093,-0.206
-0.255,0.093,-0.222
-0.256,0.079,-0.222
-0.261,0.07,-0.245
-0.267,0.063,-0.271
-0.278,0.056,-0.291
-0.29,0.054,-0.311
-0.297,0.05,-0.327
-0.297,0.052,-0.331
-0.309,0.052,-0.331
-0.317,0.055,-0.338
-0.326,0.058,-0.34
-0.341,0.058,-0.34
-0.35,0.067,-0.347
-0.368,0.073,-0.344
-0.381,0.073,-0.345
-0.381,0.073,-0.345
-0.391,0.081,-0.345
-0.406,0.089,-0.338
-0.417,0.1,-0.341
-0.434,0.113,-0.331
-0.443,0.127,-0.326
-0.455,0.135,-0.317
-0.455,0.135,-0.317
-0.461,0.143,-0.322
-0.473,0.147,-0.309
-0.48,0.164,-0.303
-0.486,0.174,-0.304
-0.492,0.18,-0.301
-0.499,0.187,-0.296
-0.499,0.187,-0.296
-0.504,0.196,-0.289
-0.505,0.206,-0.29
-0.504,0.205,-0.284
-0.504,0.21,-0.265
-0.501,0.224,-0.252
-0.5,0.231,-0.238
-0.5,0.231,-0.238
-0.495,0.242,-0.221
-0.495,0.253,-0.213
-0.491,0.256,-0.198
-0.479,0.254,-0.182
-0.473,0.259,-0.174
-0.472,0.26,-0.17
-0.472,0.26,-0.17
-0.469,0.259,-0.171
-0.473,0.26,-0.171
-0.467,0.263,-0.177
-0.469,0.277,-0.18
-0.474,0.291,-0.169
-0.461,0.303,-0.149
-0.461,0.303,-0.149
-0.444,0.317,-0.132
-0.433,0.328,-0.119
-0.423,0.342,-0.111
-0.413,0.356,-0.11
-0.412,0.371,-0.11
-0.418,0.373,-0.115
-0.418,0.373,-0.115
-0.428,0.367,-0.123
-0.437,0.365,-0.126
-0.447,0.37,-0.132
-0.451,0.376,-0.139
-0.452,0.378,-0.138
-0.459,0.379,-0.146
-0.459,0.379,-0.146
-0.464,0.392,-0.152
-0.462,0.392,-0.148
-0.465,0.403,-0.143
-0.458,0.403,-0.137
-0.455,0.407,-0.138
-0.45,0.422,-0.143
-0.45,0.422,-0.133
-0.441,0.445,-0.133
-0.438,0.467,-0.131
-0.43,0.491,-0.133
-0.417,0.508,-0.133
-0.404,0.522,-0.125
-0.393,0.535,-0.129
-0.393,0.542,-0.124
-0.379,0.542,-0.124
-0.364,0.547,-0.119
-0.354,0.55,-0.115
-0.347,0.548,-0.119
-0.345,0.54,-0.114
-0.347,0.529,-0.104
-0.357,0.51,-0.109
-0.357,0.51,-0.109
-0.365,0.496,-0.102
-0.374,0.474,-0.099
-0.379,0.458,-0.105
-0.393,0.445,-0.112
-0.41,0.428,-0.108
-0.42,0.415,-0.117
-0.42,0.415,-0.117
-0.437,0.402,-0.126
-0.454,0.385,-0.138
-0.46,0.369,-0.136
-0.463,0.35,-0.144
-0.455,0.319,-0.15
-0.437,0.291,-0.139
-0.437,0.291,-0.139
-0.421,0.26,-0.134
-0.392,0.23,-0.132
-0.362,0.196,-0.137
-0.333,0.168,-0.151
-0.307,0.143,-0.163
-0.28,0.123,-0.173
-0.28,0.123,-0.173
-0.261,0.11,-0.189
-0.243,0.094,-0.204
-0.225,0.083,-0.222
-0.2,0.075,-0.233
-0.179,0.07,-0.245
-0.179,0.066,-0.259
-0.179,0.066,-0.259
-0.186,0.062,-0.254
-0.196,0.065,-0.258
-0.191,0.062,-0.259
-0.176,0.063,-0.276
-0.159,0.064,-0.275
-0.131,0.061,-0.288
-0.131,0.061,-0.288
-0.11,0.06,-0.3
-0.096,0.062,-0.311
-0.08,0.065,-0.333
-0.066,0.073,-0.352
-0.058,0.074,-0.364
-0.039,0.086,-0.376
-0.039,0.086,-0.376
-0.023,0.095,-0.391
-0.005,0.112,-0.4
0.012,0.132,-0.417
0.039,0.151,-0.442
0.055,0.18,-0.461
0.067,0.208,-0.479
0.067,0.208,-0.497
0.079,0.238,-0.497
0.085,0.264,-0.504
0.091,0.284,-0.51
0.09,0.287,-0.515
0.089,0.286,-0.515
0.092,0.288,-0.519
0.092,0.292,-0.526
0.087,0.292,-0.526
0.091,0.299,-0.522
0.09,0.306,-0.533
0.089,0.315,-0.531
0.091,0.334,-0.538
0.089,0.35,-0.544
0.091,0.365,-0.549
0.091,0.365,-0.549
0.092,0.375,-0.551
0.089,0.39,-0.55
0.093,0.394,-0.544
0.095,0.398,-0.543
0.102,0.4,-0.535
0.1,0.408,-0.535
0.1,0.408,-0.535
0.104,0.414,-0.535
0.105,0.425,-0.523
0.108,0.432,-0.52
0.111,0.446,-0.516
0.111,0.454,-0.506
0.114,0.462,-0.491
0.114,0.462,-0.491
0.116,0.471,-0.484
0.119,0.481,-0.471
0.123,0.496,-0.453
0.119,0.505,-0.434
0.118,0.518,-0.414
0.116,0.531,-0.39
0.116,0.531,-0.39
0.112,0.548,-0.37
0.105,0.558,-0.341
0.091,0.565,-0.321
0.079,0.571,-0.297
0.065,0.577,-0.263
0.04,0.579,-0.23
0.04,0.579,-0.23
0.01,0.587,-0.191
-0.037,0.595,-0.157
-0.098,0.613,-0.133
-0.155,0.625,-0.122
-0.202,0.634,-0.123
-0.238,0.645,-0.128
-0.238,0.645,-0.128
-0.27,0.651,-0.14
-0.301,0.658,-0.146
-0.334,0.666,-0.163
-0.373,0.667,-0.187
-0.418,0.662,-0.21
-0.448,0.66,-0.23
-0.448,0.66,-0.23
-0.462,0.658,-0.251
-0.47,0.654,-0.262
-0.472,0.657,-0.269
-0.48,0.663,-0.291
-0.487,0.664,-0.302
-0.49,0.668,-0.32
-0.49,0.668,-0.334
-0.495,0.664,-0.334
-0.495,0.67,-0.35
-0.496,0.672,-0.357
-0.492,0.675,-0.375
-0.493,0.673,-0.384
-0.492,0.674,-0.391
-0.492,0.682,-0.402
-0.489,0.682,-0.402
-0.484,0.684,-0.403
-0.483,0.687,-0.407
-0.478,0.688,-0.405
-0.474,0.69,-0.406
-0.474,0.683,-0.409
-0.48,0.681,-0.42
-0.48,0.681,-0.42
-0.48,0.679,-0.418
-0.482,0.68,-0.429
-0.48,0.677,-0.433
-0.48,0.678,-0.44
-0.481,0.675,-0.445
-0.479,0.672,-0.455
-0.479,0.672,-0.455
-0.467,0.67,-0.468
-0.46,0.663,-0.478
-0.46,0.663,-0.492
-0.451,0.661,-0.501
-0.441,0.662,-0.513
-0.428,0.663,-0.527
-0.428,0.663,-0.527
-0.414,0.662,-0.546
-0.378,0.659,-0.575
-0.352,0.662,-0.59
-0.321,0.67,-0.594
-0.295,0.674,-0.59
-0.265,0.679,-0.595
-0.265,0.679,-0.595
-0.24,0.687,-0.589
-0.202,0.683,-0.588
-0.162,0.687,-0.579
-0.125,0.691,-0.557
-0.093,0.689,-0.539
-0.061,0.684,-0.515
-0.061,0.684,-0.515
-0.036,0.682,-0.492
-0.012,0.674,-0.474
0.007,0.667,-0.438
0.033,0.653,-0.4
0.044,0.639,-0.359
0.042,0.625,-0.321
0.042,0.625,-0.321
0.042,0.61,-0.293
0.041,0.604,-0.273
0.038,0.59,-0.254
0.036,0.583,-0.245
0.039,0.565,-0.236
0.041,0.553,-0.229
0.041,0.553,-0.229
0.041,0.537,-0.22
0.039,0.533,-0.207
0.036,0.514,-0.197
0.033,0.5,-0.187
0.026,0.485,-0.172
0.01,0.465,-0.158
0.01,0.465,-0.141
-0.005,0.446,-0.141
-0.03,0.425,-0.111
-0.053,0.406,-0.104
-0.075,0.386,-0.096
-0.095,0.373,-0.088
-0.106,0.352,-0.092
-0.106,0.352,-0.086
-0.116,0.34,-0.086
-0.126,0.329,-0.081
-0.139,0.32,-0.083
-0.149,0.307,-0.083
-0.168,0.292,-0.085
-0.183,0.277,-0.088
-0.183,0.259,-0.092
-0.202,0.259,-0.092
-0.215,0.243,-0.092
-0.229,0.224,-0.1
-0.23,0.207,-0.113
-0.235,0.191,-0.121
-0.235,0.181,-0.127
-0.227,0.168,-0.145
-0.227,0.168,-0.145
-0.223,0.155,-0.149
-0.211,0.145,-0.158
-0.206,0.134,-0.165
-0.204,0.123,-0.177
-0.205,0.116,-0.188
-0.205,0.104,-0.211
-0.205,0.104,-0.211
-0.206,0.098,-0.218
-0.21,0.087,-0.236
-0.207,0.08,-0.254
-0.201,0.073,-0.27
-0.207,0.069,-0.278
-0.204,0.068,-0.28
-0.204,0.068,-0.28
-0.202,0.07,-0.287
-0.203,0.071,-0.286
-0.201,0.065,-0.281
-0.207,0.059,-0.293
-0.196,0.052,-0.296
-0.193,0.055,-0.302
-0.193,0.055,-0.302
-0.185,0.061,-0.293
-0.188,0.068,-0.291
-0.185,0.066,-0.291
-0.188,0.067,-0.293
-0.181,0.065,-0.289
-0.17,0.064,-0.298
-0.17,0.064,-0.298
-0.165,0.059,-0.306
-0.156,0.059,-0.316
-0.14,0.063,-0.315
-0.125,0.061,-0.319
-0.111,0.066,-0.327
-0.092,0.071,-0.334
-0.092,0.071,-0.334
-0.071,0.079,-0.344
-0.049,0.093,-0.333
-0.029,0.111,-0.35
-0.015,0.122,-0.346
-0.003,0.128,-0.351
0.011,0.142,-0.351
0.011,0.142,-0.351
0.023,0.148,-0.348
0.033,0.161,-0.344
0.046,0.172,-0.344
0.055,0.186,-0.338
0.061,0.199,-0.327
0.067,0.203,-0.325
0.067,0.203,-0.313
0.067,0.212,-0.313
0.072,0.222,-0.299
0.069,0.222,-0.297
0.07,0.223,-0.286
0.066,0.225,-0.278
0.065,0.224,-0.271
0.065,0.225,-0.269
0.06,0.225,-0.269
0.059,0.222,-0.26
0.055,0.22,-0.259
0.052,0.221,-0.244
0.044,0.218,-0.238
0.044,0.222,-0.231
0.039,0.218,-0.229
0.039,0.218,-0.229
0.029,0.212,-0.221
0.022,0.204,-0.22
0.013,0.196,-0.213
0.006,0.196,-0.207
-0.007,0.191,-0.203
-0.015,0.185,-0.198
-0.015,0.185,-0.198
-0.029,0.183,-0.192
-0.035,0.176,-0.188
-0.053,0.166,-0.182
-0.064,0.168,-0.172
-0.078,0.153,-0.167
-0.095,0.151,-0.169
-0.095,0.151,-0.169
-0.112,0.146,-0.162
-0.13,0.142,-0.16
-0.143,0.145,-0.156
-0.159,0.138,-0.145
-0.169,0.143,-0.149
-0.187,0.143,-0.147
-0.187,0.143,-0.147
-0.195,0.144,-0.151
-0.203,0.141,-0.144
-0.217,0.147,-0.14
-0.219,0.148,-0.138
-0.226,0.152,-0.132
-0.226,0.158,-0.129
-0.226,0.158,-0.129
-0.224,0.155,-0.126
-0.223,0.158,-0.128
-0.223,0.16,-0.132
-0.224,0.159,-0.125
-0.226,0.159,-0.13
-0.224,0.161,-0.131
-0.224,0.161,-0.131
-0.228,0.162,-0.133
-0.226,0.166,-0.126
-0.23,0.16,-0.133
-0.226,0.156,-0.13
-0.228,0.154,-0.128
-0.222,0.148,-0.133
-0.222,0.148,-0.133
-0.221,0.146,-0.136
-0.214,0.149,-0.14
-0.204,0.149,-0.148
-0.191,0.148,-0.145
-0.186,0.147,-0.155
-0.174,0.142,-0.161
-0.174,0.142,-0.161
-0.16,0.137,-0.167
-0.156,0.133,-0.173
-0.148,0.124,-0.179
-0.142,0.122,-0.187
-0.142,0.118,-0.19
-0.145,0.111,-0.2
-0.145,0.111,-0.204
-0.15,0.103,-0.204
-0.153,0.104,-0.21
-0.163,0.1,-0.209
-0.162,0.099,-0.21
-0.164,0.101,-0.207
-0.171,0.093,-0.205
-0.171,0.096,-0.205
-0.173,0.096,-0.205
-0.175,0.097,-0.201
-0.182,0.102,-0.197
-0.184,0.103,-0.191
-0.181,0.109,-0.187
-0.183,0.109,-0.182
-0.182,0.116,-0.18
-0.182,0.116,-0.18
-0.176,0.12,-0.173
-0.165,0.124,-0.168
-0.164,0.13,-0.164
-0.163,0.135,-0.163
-0.155,0.143,-0.156
-0.154,0.149,-0.15
-0.154,0.149,-0.15
-0.161,0.159,-0.149
-0.159,0.164,-0.14
-0.16,0.166,-0.137
-0.159,0.172,-0.13
-0.157,0.182,-0.126
-0.15,0.192,-0.129
-0.15,0.192,-0.129
-0.14,0.204,-0.125
-0.132,0.204,-0.125
-0.121,0.216,-0.122
-0.119,0.224,-0.122
-0.106,0.232,-0.118
-0.093,0.241,-0.12
-0.093,0.241,-0.12
-0.089,0.241,-0.12
-0.085,0.245,-0.125
-0.082,0.241,-0.122
-0.085,0.235,-0.118
-0.081,0.231,-0.123
-0.082,0.228,-0.123
-0.082,0.228,-0.123
-0.08,0.218,-0.134
-0.082,0.21,-0.14
-0.087,0.203,-0.141
-0.089,0.197,-0.141
-0.087,0.191,-0.15
-0.088,0.185,-0.144
-0.088,0.185,-0.144
-0.096,0.185,-0.149
-0.097,0.187,-0.142
-0.1,0.2,-0.13
-0.103,0.21,-0.12
-0.105,0.22,-0.12
-0.117,0.235,-0.11
-0.117,0.235,-0.11
-0.116,0.251,-0.102
-0.118,0.269,-0.094
-0.123,0.29,-0.086
-0.117,0.306,-0.088
-0.113,0.319,-0.089
-0.103,0.329,-0.085
-0.103,0.329,-0.087
-0.097,0.34,-0.087
-0.084,0.35,-0.089
-0.071,0.351,-0.094
-0.06,0.368,-0.099
-0.051,0.375,-0.107
-0.042,0.381,-0.104
-0.042,0.384,-0.109
-0.035,0.384,-0.109
-0.034,0.394,-0.115
-0.029,0.391,-0.114
-0.025,0.396,-0.116
-0.017,0.395,-0.12
-0.013,0.39,-0.123
-0.005,0.387,-0.126
-0.005,0.387,-0.126
-0.001,0.382,-0.13
0.008,0.379,-0.137
0.015,0.369,-0.142
0.016,0.372,-0.149
0.021,0.376,-0.153
0.03,0.384,-0.152
0.03,0.384,-0.152
0.034,0.397,-0.164
0.039,0.413,-0.167
0.044,0.425,-0.18
0.051,0.436,-0.185
0.062,0.451,-0.199
0.07,0.463,-0.215
0.07,0.463,-0.215
0.079,0.471,-0.232
0.089,0.477,-0.251
0.099,0.481,-0.275
0.108,0.477,-0.297
0.116,0.471,-0.328
0.116,0.471,-0.343
0.116,0.471,-0.343
0.119,0.464,-0.354
0.122,0.46,-0.37
0.122,0.455,-0.393
0.123,0.447,-0.412
0.12,0.438,-0.419
0.12,0.435,-0.43
0.12,0.435,-0.43
0.117,0.427,-0.445
0.113,0.424,-0.453
0.117,0.419,-0.457
0.112,0.413,-0.464
0.115,0.405,-0.464
0.114,0.401,-0.469
0.114,0.401,-0.469
0.116,0.392,-0.466
0.118,0.386,-0.47
0.12,0.376,-0.468
0.118,0.374,-0.474
0.121,0.377,-0.467
0.118,0.374,-0.464
0.118,0.374,-0.464
0.116,0.382,-0.47
0.117,0.383,-0.474
0.121,0.373,-0.478
0.122,0.376,-0.483
0.12,0.376,-0.488
0.118,0.378,-0.485
0.118,0.378,-0.482
0.116,0.379,-0.482
0.106,0.381,-0.477
0.109,0.379,-0.475
0.105,0.38,-0.484
0.109,0.375,-0.486
0.107,0.372,-0.481
0.107,0.372,-0.487
0.103,0.374,-0.487
0.103,0.372,-0.507
0.092,0.375,-0.51
0.088,0.38,-0.526
0.078,0.383,-0.543
0.07,0.379,-0.567
0.061,0.379,-0.575
0.061,0.379,-0.575
0.056,0.374,-0.575
0.05,0.372,-0.581
0.046,0.365,-0.584
0.039,0.346,-0.584
0.031,0.317,-0.586
0.015,0.291,-0.596
0.015,0.291,-0.596
-0.006,0.273,-0.594
-0.027,0.256,-0.606
-0.033,0.248,-0.599
-0.047,0.239,-0.606
-0.059,0.224,-0.601
-0.072,0.208,-0.6
-0.072,0.208,-0.6
-0.095,0.191,-0.591
-0.114,0.172,-0.582
-0.134,0.152,-0.577
-0.159,0.137,-0.559
-0.185,0.125,-0.541
-0.201,0.107,-0.533
-0.201,0.107,-0.533
-0.216,0.1,-0.525
-0.227,0.086,-0.507
-0.236,0.081,-0.489
-0.244,0.071,-0.469
-0.251,0.066,-0.454
-0.257,0.058,-0.435
-0.257,0.058,-0.435
-0.263,0.059,-0.414
-0.261,0.044,-0.393
-0.261,0.048,-0.381
-0.261,0.044,-0.363
-0.261,0.048,-0.353
-0.25,0.049,-0.334
-0.25,0.049,-0.334
-0.242,0.047,-0.316
-0.238,0.051,-0.307
-0.231,0.059,-0.299
-0.232,0.059,-0.29
-0.232,0.055,-0.3
-0.227,0.059,-0.289
-0.227,0.059,-0.289
-0.22,0.055,-0.295
-0.213,0.06,-0.295
-0.214,0.058,-0.301
-0.205,0.059,-0.296
-0.202,0.06,-0.292
-0.188,0.056,-0.298
-0.188,0.056,-0.298
-0.181,0.064,-0.299
-0.178,0.059,-0.302
-0.174,0.065,-0.306
-0.166,0.061,-0.305
-0.161,0.063,-0.311
-0.158,0.062,-0.319
-0.158,0.062,-0.327
-0.156,0.061,-0.327
-0.142,0.06,-0.334
-0.14,0.064,-0.344
-0.131,0.062,-0.347
-0.119,0.066,-0.354
-0.114,0.072,-0.374
-0.114,0.075,-0.389
-0.106,0.075,-0.389
-0.092,0.074,-0.403
-0.088,0.082,-0.42
-0.079,0.088,-0.426
-0.078,0.091,-0.426
-0.077,0.095,-0.441
-0.075,0.092,-0.448
-0.075,0.092,-0.448
-0.077,0.095,-0.459
-0.079,0.097,-0.477
-0.081,0.098,-0.487
-0.08,0.102,-0.493
-0.076,0.105,-0.498
-0.078,0.11,-0.512
-0.078,0.11,-0.512
-0.077,0.113,-0.516
-0.074,0.12,-0.523
-0.07,0.119,-0.526
-0.074,0.119,-0.526
-0.073,0.12,-0.529
-0.072,0.117,-0.529
-0.072,0.117,-0.529
-0.07,0.121,-0.526
-0.068,0.114,-0.519
-0.066,0.112,-0.512
-0.064,0.114,-0.503
-0.061,0.11,-0.493
-0.059,0.106,-0.476
-0.059,0.106,-0.476
-0.048,0.102,-0.46
-0.044,0.1,-0.444
-0.05,0.095,-0.419
-0.05,0.088,-0.395
-0.057,0.083,-0.379
-0.068,0.073,-0.366
-0.068,0.073,-0.366
-0.084,0.068,-0.367
-0.094,0.061,-0.363
-0.105,0.057,-0.365
-0.115,0.052,-0.371
-0.128,0.053,-0.38
-0.137,0.051,-0.394
-0.137,0.051,-0.394
-0.147,0.052,-0.4
-0.152,0.051,-0.414
-0.152,0.052,-0.428
-0.153,0.051,-0.442
-0.151,0.06,-0.453
-0.143,0.065,-0.471
-0.143,0.065,-0.471
-0.145,0.068,-0.472
-0.143,0.078,-0.476
-0.138,0.082,-0.485
-0.128,0.085,-0.492
-0.124,0.089,-0.509
-0.124,0.097,-0.515
-0.124,0.097,-0.538
-0.119,0.104,-0.538
-0.116,0.11,-0.54
-0.116,0.118,-0.549
-0.115,0.124,-0.565
-0.11,0.134,-0.571
-0.111,0.146,-0.58
-0.111,0.154,-0.587
-0.103,0.154,-0.587
-0.098,0.166,-0.597
-0.084,0.18,-0.607
-0.082,0.191,-0.609
-0.069,0.205,-0.623
-0.056,0.213,-0.624
-0.051,0.233,-0.632
-0.051,0.233,-0.632
-0.041,0.248,-0.634
-0.026,0.267,-0.642
-0.014,0.291,-0.634
0.0,0.313,-0.633
0.016,0.33,-0.635
0.024,0.35,-0.631
0.024,0.35,-0.631
0.035,0.366,-0.626
0.052,0.391,-0.613
0.059,0.41,-0.596
0.071,0.432,-0.591
0.083,0.451,-0.57
0.091,0.458,-0.56
0.091,0.458,-0.56
0.095,0.469,-0.545
0.101,0.471,-0.526
0.108,0.475,-0.513
0.114,0.477,-0.497
0.12,0.481,-0.486
0.122,0.482,-0.475
0.122,0.482,-0.475
0.128,0.487,-0.458
0.131,0.489,-0.445
0.125,0.492,-0.433
0.129,0.491,-0.426
0.126,0.499,-0.419
0.125,0.508,-0.407
0.125,0.508,-0.407
0.12,0.523,-0.397
0.113,0.526,-0.392
0.113,0.542,-0.389
0.105,0.547,-0.378
0.106,0.555,-0.381
0.101,0.557,-0.365
0.101,0.557,-0.365
0.096,0.566,-0.365
0.09,0.572,-0.357
0.089,0.573,-0.361
0.099,0.564,-0.364
0.099,0.556,-0.367
0.102,0.551,-0.362
0.102,0.551,-0.362
0.105,0.549,-0.367
0.103,0.552,-0.365
0.099,0.553,-0.359
0.1,0.545,-0.348
0.101,0.536,-0.342
0.099,0.526,-0.325
0.099,0.526,-0.309
0.1,0.521,-0.309
0.09,0.516,-0.277
0.08,0.51,-0.252
0.067,0.505,-0.219
0.052,0.498,-0.196
0.037,0.487,-0.179
0.022,0.483,-0.163
0.022,0.483,-0.163
0.001,0.484,-0.154
-0.018,0.478,-0.137
-0.043,0.48,-0.114
-0.068,0.48,-0.1
-0.093,0.49,-0.09
-0.122,0.483,-0.08
-0.122,0.483,-0.08
-0.157,0.48,-0.079
-0.186,0.476,-0.077
-0.213,0.472,-0.071
-0.232,0.468,-0.065
-0.258,0.462,-0.071
-0.281,0.45,-0.071
-0.281,0.45,-0.071
-0.304,0.431,-0.068
-0.324,0.403,-0.076
-0.333,0.371,-0.082
-0.329,0.33,-0.088
-0.317,0.286,-0.095
-0.297,0.243,-0.11
-0.297,0.243,-0.11
-0.264,0.199,-0.123
-0.24,0.162,-0.15
-0.211,0.135,-0.178
-0.181,0.11,-0.2
-0.156,0.093,-0.235
-0.13,0.086,-0.271
-0.13,0.086,-0.271
-0.109,0.069,-0.306
-0.092,0.077,-0.341
-0.075,0.078,-0.364
-0.057,0.089,-0.387
-0.041,0.095,-0.406
-0.024,0.107,-0.418
-0.024,0.107,-0.418
-0.016,0.12,-0.434
-0.006,0.129,-0.446
0.003,0.14,-0.463
0.007,0.144,-0.462
0.004,0.151,-0.463
0.01,0.15,-0.46
0.01,0.15,-0.46
0.009,0.152,-0.455
0.011,0.158,-0.458
0.014,0.155,-0.451
0.015,0.156,-0.458
0.015,0.152,-0.457
0.018,0.155,-0.46
0.018,0.155,-0.46
0.018,0.16,-0.455
0.025,0.163,-0.455
0.028,0.174,-0.475
0.034,0.18,-0.489
0.035,0.192,-0.492
0.035,0.204,-0.506
0.035,0.204,-0.522
0.041,0.228,-0.522
0.048,0.247,-0.542
0.046,0.268,-0.557
0.046,0.295,-0.569
0.039,0.306,-0.58
0.032,0.319,-0.593
0.032,0.329,-0.607
0.029,0.329,-0.607
0.013,0.346,-0.627
-0.004,0.365,-0.634
-0.018,0.38,-0.646
-0.029,0.396,-0.654
-0.041,0.407,-0.669
-0.055,0.425,-0.671
-0.055,0.425,-0.671
-0.073,0.442,-0.68
-0.086,0.457,-0.683
-0.1,0.467,-0.688
-0.127,0.486,-0.682
-0.156,0.497,-0.685
-0.187,0.513,-0.692
-0.187,0.513,-0.692
-0.22,0.521,-0.69
-0.241,0.53,-0.692
-0.263,0.53,-0.679
-0.278,0.529,-0.692
-0.291,0.53,-0.686
-0.304,0.525,-0.682
-0.304,0.525,-0.682
-0.318,0.526,-0.676
-0.335,0.519,-0.668
-0.359,0.53,-0.667
-0.378,0.534,-0.653
-0.391,0.535,-0.649
-0.406,0.527,-0.643
-0.406,0.527,-0.643
-0.416,0.525,-0.625
-0.427,0.529,-0.615
-0.438,0.535,-0.604
-0.444,0.542,-0.596
-0.449,0.544,-0.593
-0.454,0.556,-0.584
-0.454,0.556,-0.584
-0.45,0.56,-0.581
-0.457,0.566,-0.573
-0.466,0.572,-0.555
-0.467,0.571,-0.55
-0.483,0.566,-0.543
-0.491,0.564,-0.533
-0.491,0.564,-0.533
-0.501,0.555,-0.526
-0.521,0.535,-0.509
-0.533,0.522,-0.494
-0.545,0.497,-0.468
-0.556,0.475,-0.445
-0.562,0.464,-0.421
-0.562,0.464,-0.421
-0.57,0.439,-0.388
-0.569,0.421,-0.357
-0.565,0.407,-0.323
-0.554,0.399,-0.282
-0.543,0.389,-0.235
-0.515,0.39,-0.203
-0.515,0.39,-0.169
-0.494,0.388,-0.169
-0.459,0.39,-0.141
-0.428,0.397,-0.124
-0.405,0.401,-0.105
-0.381,0.41,-0.094
-0.361,0.419,-0.092
-0.361,0.421,-0.084
-0.347,0.421,-0.084
-0.329,0.418,-0.078
-0.312,0.41,-0.072
-0.285,0.411,-0.068
-0.246,0.411,-0.072
-0.209,0.418,-0.068
-0.169,0.423,-0.071
-0.169,0.423,-0.071
-0.129,0.435,-0.088
-0.096,0.437,-0.095
-0.061,0.436,-0.115
-0.028,0.434,-0.141
0.007,0.431,-0.162
0.032,0.436,-0.181
0.032,0.436,-0.181
0.059,0.432,-0.213
0.08,0.435,-0.236
0.096,0.436,-0.269
0.107,0.442,-0.295
0.116,0.445,-0.312
0.117,0.451,-0.319
0.117,0.451,-0.319
0.124,0.454,-0.336
0.122,0.457,-0.35
0.123,0.463,-0.348
0.12,0.464,-0.35
0.123,0.463,-0.359
0.121,0.459,-0.361
0.121,0.459,-0.361
0.128,0.447,-0.359
0.126,0.446,-0.356
0.123,0.447,-0.356
0.122,0.448,-0.351
0.118,0.442,-0.347
0.125,0.444,-0.357
0.125,0.444,-0.357
0.123,0.444,-0.361
0.131,0.446,-0.375
0.129,0.442,-0.383
0.129,0.442,-0.392
0.131,0.445,-0.397
0.129,0.444,-0.406
0.129,0.444,-0.406
0.125,0.452,-0.408
0.124,0.453,-0.418
0.119,0.455,-0.422
0.121,0.457,-0.434
0.122,0.451,-0.448
0.123,0.447,-0.461
0.123,0.447,-0.461
0.122,0.438,-0.465
0.119,0.427,-0.466
0.125,0.409,-0.482
0.116,0.398,-0.481
0.117,0.388,-0.494
0.116,0.373,-0.499
0.116,0.373,-0.512
0.111,0.359,-0.512
0.107,0.354,-0.516
0.099,0.341,-0.533
0.088,0.332,-0.55
0.077,0.322,-0.56
0.066,0.318,-0.573
0.066,0.312,-0.587
0.053,0.312,-0.587
0.046,0.308,-0.595
0.029,0.306,-0.606
0.02,0.3,-0.612
0.011,0.297,-0.621
0.002,0.297,-0.621
-0.002,0.298,-0.623
-0.002,0.298,-0.623
-0.004,0.299,-0.63
-0.004,0.303,-0.628
-0.009,0.303,-0.631
-0.005,0.303,-0.637
-0.005,0.305,-0.636
-0.004,0.305,-0.64
-0.004,0.305,-0.64
-0.001,0.306,-0.638
0.003,0.309,-0.645
0.001,0.315,-0.643
-0.0,0.314,-0.643
0.008,0.314,-0.636
0.012,0.316,-0.636
0.012,0.316,-0.636
0.017,0.327,-0.624
0.027,0.331,-0.625
0.03,0.342,-0.627
0.035,0.352,-0.625
0.046,0.363,-0.615
0.05,0.372,-0.609
0.05,0.372,-0.609
0.056,0.385,-0.604
0.061,0.403,-0.602
0.077,0.413,-0.599
0.077,0.427,-0.579
0.085,0.433,-0.57
0.095,0.439,-0.555
0.095,0.439,-0.555
0.105,0.444,-0.532
0.116,0.451,-0.521
0.12,0.446,-0.503
0.125,0.447,-0.493
0.127,0.439,-0.472
0.132,0.442,-0.456
0.132,0.442,-0.456
0.133,0.444,-0.441
0.13,0.439,-0.422
0.132,0.436,-0.413
0.138,0.431,-0.401
0.135,0.424,-0.388
0.134,0.424,-0.372
0.134,0.424,-0.372
0.131,0.42,-0.357
0.132,0.417,-0.348
0.131,0.423,-0.334
0.129,0.421,-0.325
0.124,0.426,-0.317
0.123,0.434,-0.307
0.123,0.434,-0.302
0.118,0.439,-0.302
0.117,0.44,-0.29
0.117,0.447,-0.284
0.113,0.448,-0.273
0.104,0.453,-0.277
0.099,0.457,-0.266
0.099,0.459,-0.253
0.1,0.459,-0.253
0.093,0.454,-0.248
0.095,0.449,-0.251
0.091,0.449,-0.246
0.087,0.458,-0.241
0.093,0.459,-0.236
0.088,0.459,-0.235
0.088,0.459,-0.235
0.086,0.458,-0.235
0.084,0.464,-0.225
0.08,0.465,-0.216
0.076,0.464,-0.208
0.07,0.467,-0.21
0.068,0.461,-0.205
0.068,0.461,-0.205
0.067,0.458,-0.209
0.071,0.45,-0.203
0.066,0.444,-0.2
0.062,0.439,-0.204
0.062,0.438,-0.199
0.058,0.438,-0.197
0.058,0.438,-0.197
0.059,0.438,-0.192
0.057,0.431,-0.185
0.053,0.433,-0.183
0.043,0.43,-0.173
0.046,0.422,-0.184
0.042,0.42,-0.175
0.042,0.42,-0.175
0.037,0.41,-0.177
0.037,0.406,-0.174
0.036,0.402,-0.177
0.039,0.391,-0.173
0.042,0.388,-0.173
0.05,0.383,-0.179
0.05,0.383,-0.179
0.05,0.374,-0.179
0.054,0.365,-0.178
0.055,0.36,-0.188
0.052,0.36,-0.191
0.052,0.351,-0.185
0.05,0.345,-0.195
0.05,0.345,-0.195
0.05,0.338,-0.187
0.041,0.324,-0.184
0.036,0.313,-0.174
0.026,0.301,-0.175
0.017,0.294,-0.171
0.012,0.283,-0.172
0.012,0.283,-0.172
0.005,0.272,-0.17
0.003,0.259,-0.175
-0.003,0.25,-0.172
-0.014,0.237,-0.17
-0.03,0.233,-0.16
-0.042,0.223,-0.161
-0.042,0.223,-0.161
-0.052,0.213,-0.162
-0.058,0.205,-0.166
-0.063,0.193,-0.174
-0.063,0.183,-0.183
-0.066,0.174,-0.185
-0.062,0.164,-0.2
-0.062,0.152,-0.208
-0.063,0.152,-0.208
-0.059,0.148,-0.216
-0.059,0.14,-0.23
-0.06,0.131,-0.243
-0.059,0.121,-0.259
-0.058,0.112,-0.282
-0.062,0.102,-0.305
-0.062,0.102,-0.305
-0.059,0.097,-0.328
-0.058,0.091,-0.349
-0.058,0.088,-0.369
-0.061,0.087,-0.39
-0.069,0.085,-0.409
-0.067,0.088,-0.439
-0.067,0.088,-0.439
-0.064,0.065,-0.463
-0.061,0.078,-0.471
-0.058,0.089,-0.478
-0.061,0.088,-0.485
-0.059,0.09,-0.493
-0.059,0.102,-0.5
-0.059,0.102,-0.5
-0.058,0.103,-0.515
-0.057,0.104,-0.518
-0.057,0.107,-0.518
-0.055,0.112,-0.519
-0.047,0.109,-0.514
-0.046,0.115,-0.507
-0.046,0.115,-0.507
-0.041,0.113,-0.502
-0.04,0.113,-0.497
-0.035,0.115,-0.488
-0.039,0.109,-0.49
-0.042,0.107,-0.485
-0.047,0.1,-0.472
-0.047,0.1,-0.472
-0.051,0.096,-0.473
-0.049,0.095,-0.463
-0.05,0.091,-0.458
-0.055,0.089,-0.442
-0.061,0.076,-0.429
-0.067,0.072,-0.399
-0.067,0.072,-0.399
-0.079,0.064,-0.381
-0.082,0.066,-0.37
-0.089,0.062,-0.368
-0.09,0.059,-0.357
-0.092,0.059,-0.349
-0.096,0.061,-0.339
-0.096,0.061,-0.339
-0.098,0.062,-0.326
-0.103,0.06,-0.329
-0.104,0.061,-0.318
-0.113,0.064,-0.309
-0.114,0.068,-0.294
-0.115,0.071,-0.285
-0.115,0.071,-0.263
-0.122,0.088,-0.263
-0.123,0.096,-0.254
-0.116,0.102,-0.239
-0.11,0.114,-0.214
-0.109,0.134,-0.186
-0.105,0.166,-0.163
-0.105,0.193,-0.151
-0.099,0.193,-0.151
-0.102,0.219,-0.129
-0.102,0.245,-0.118
-0.105,0.267,-0.105
-0.105,0.298,-0.089
-0.1,0.319,-0.084
-0.102,0.347,-0.08
-0.102,0.347,-0.08
-0.102,0.373,-0.076
-0.099,0.394,-0.079
-0.095,0.421,-0.083
-0.09,0.447,-0.083
-0.078,0.473,-0.09
-0.072,0.491,-0.102
-0.072,0.491,-0.102
-0.069,0.515,-0.109
-0.069,0.537,-0.118
-0.067,0.562,-0.117
-0.072,0.577,-0.13
-0.071,0.594,-0.144
-0.067,0.608,-0.161
-0.067,0.608,-0.161
-0.056,0.621,-0.176
-0.052,0.636,-0.198
-0.037,0.641,-0.216
-0.025,0.646,-0.227
-0.013,0.647,-0.244
0.003,0.642,-0.265
0.003,0.642,-0.265
0.02,0.638,-0.283
0.036,0.63,-0.289
0.047,0.617,-0.309
0.066,0.604,-0.326
0.081,0.585,-0.338
0.099,0.57,-0.353
0.099,0.57,-0.353
0.107,0.547,-0.366
0.123,0.524,-0.386
0.127,0.5,-0.391
0.133,0.473,-0.406
0.133,0.46,-0.423
0.137,0.442,-0.438
0.137,0.442,-0.438
0.136,0.437,-0.451
0.132,0.431,-0.454
0.131,0.426,-0.454
0.136,0.428,-0.455
0.136,0.435,-0.452
0.137,0.435,-0.443
0.137,0.435,-0.443
0.142,0.436,-0.446
0.141,0.444,-0.451
0.135,0.45,-0.464
0.133,0.452,-0.47
0.129,0.445,-0.473
0.126,0.444,-0.481
0.126,0.444,-0.48
0.127,0.447,-0.48
0.121,0.449,-0.478
0.122,0.447,-0.494
0.117,0.447,-0.494
0.118,0.436,-0.5
0.114,0.432,-0.507
0.114,0.417,-0.521
0.109,0.417,-0.521
0.098,0.396,-0.541
0.087,0.378,-0.544
0.086,0.359,-0.55
0.083,0.348,-0.553
0.081,0.333,-0.56
0.069,0.319,-0.568
0.069,0.319,-0.568
0.062,0.306,-0.568
0.049,0.276,-0.569
0.031,0.244,-0.569
0.003,0.21,-0.569
-0.018,0.176,-0.552
-0.035,0.151,-0.542
-0.035,0.151,-0.542
-0.049,0.134,-0.52
-0.053,0.128,-0.511
-0.062,0.121,-0.498
-0.068,0.105,-0.484
-0.068,0.092,-0.454
-0.067,0.084,-0.433
-0.067,0.084,-0.433
-0.065,0.083,-0.416
-0.058,0.081,-0.406
-0.054,0.083,-0.395
-0.05,0.085,-0.387
-0.044,0.082,-0.382
-0.036,0.089,-0.373
-0.036,0.089,-0.373
-0.031,0.1,-0.373
-0.015,0.115,-0.36
0.007,0.127,-0.357
0.025,0.141,-0.35
0.031,0.152,-0.353
0.046,0.166,-0.355
0.046,0.166,-0.355
0.057,0.179,-0.364
0.065,0.195,-0.353
0.074,0.207,-0.354
0.091,0.228,-0.347
0.092,0.244,-0.35
0.102,0.258,-0.346
0.102,0.258,-0.346
0.108,0.278,-0.346
0.111,0.288,-0.342
0.113,0.298,-0.333
0.109,0.296,-0.338
0.107,0.288,-0.33
0.101,0.282,-0.327
0.101,0.282,-0.327
0.098,0.275,-0.322
0.093,0.262,-0.323
0.089,0.25,-0.322
0.083,0.237,-0.323
0.075,0.225,-0.325
0.064,0.208,-0.325
0.064,0.208,-0.323
0.057,0.197,-0.323
0.05,0.185,-0.319
0.038,0.178,-0.317
0.033,0.17,-0.317
0.03,0.164,-0.303
0.023,0.16,-0.297
0.023,0.16,-0.297
0.023,0.16,-0.297
0.027,0.163,-0.297
0.028,0.166,-0.297
0.028,0.17,-0.3
0.038,0.186,-0.298
0.05,0.216,-0.294
0.069,0.244,-0.308
0.069,0.244,-0.308
0.086,0.272,-0.313
0.099,0.295,-0.32
0.097,0.302,-0.309
0.1,0.309,-0.297
0.102,0.305,-0.284
0.101,0.309,-0.276
0.101,0.309,-0.276
0.097,0.317,-0.271
0.104,0.322,-0.268
0.104,0.327,-0.273
0.109,0.333,-0.286
0.116,0.338,-0.294
0.119,0.343,-0.308
0.119,0.343,-0.308
0.121,0.348,-0.319
0.122,0.348,-0.327
0.127,0.354,-0.326
0.125,0.358,-0.327
0.128,0.355,-0.333
0.125,0.356,-0.33
0.125,0.356,-0.33
0.122,0.354,-0.331
0.121,0.352,-0.329
0.122,0.359,-0.325
0.12,0.364,-0.322
0.121,0.369,-0.321
0.123,0.377,-0.314
0.123,0.377,-0.314
0.119,0.387,-0.315
0.12,0.397,-0.312
0.11,0.405,-0.302
0.114,0.424,-0.3
0.114,0.435,-0.303
0.112,0.449,-0.305
0.112,0.449,-0.305
0.11,0.468,-0.302
0.105,0.484,-0.3
0.102,0.499,-0.302
0.1,0.507,-0.299
0.096,0.519,-0.3
0.09,0.534,-0.296
0.09,0.534,-0.296
0.088,0.544,-0.309
0.084,0.553,-0.304
0.077,0.568,-0.307
0.069,0.581,-0.308
0.063,0.592,-0.303
0.052,0.606,-0.296
0.052,0.606,-0.286
0.039,0.617,-0.286
0.027,0.629,-0.278
0.015,0.628,-0.257
0.007,0.626,-0.24
0.001,0.625,-0.228
-0.008,0.625,-0.222
-0.008,0.613,-0.204
-0.009,0.613,-0.204
-0.006,0.606,-0.195
-0.012,0.597,-0.178
-0.016,0.589,-0.176
-0.019,0.571,-0.167
-0.018,0.55,-0.16
-0.012,0.531,-0.146
-0.012,0.531,-0.146
-0.017,0.505,-0.138
-0.022,0.482,-0.123
-0.034,0.458,-0.114
-0.058,0.435,-0.088
-0.083,0.413,-0.081
-0.112,0.399,-0.075
-0.112,0.399,-0.075
-0.129,0.383,-0.072
-0.151,0.373,-0.065
-0.163,0.366,-0.07
-0.177,0.365,-0.066
-0.18,0.364,-0.069
-0.182,0.364,-0.06
-0.182,0.364,-0.06
-0.189,0.363,-0.068
-0.189,0.366,-0.067
-0.189,0.368,-0.066
-0.187,0.367,-0.064
-0.184,0.372,-0.06
-0.184,0.37,-0.063
-0.184,0.37,-0.063
-0.186,0.371,-0.062
-0.188,0.372,-0.065
-0.191,0.368,-0.064
-0.197,0.37,-0.062
-0.207,0.366,-0.06
-0.213,0.362,-0.059
-0.213,0.362,-0.059
-0.209,0.363,-0.057
-0.205,0.37,-0.061
-0.186,0.364,-0.067
-0.164,0.365,-0.07
-0.135,0.356,-0.08
-0.102,0.347,-0.094
-0.102,0.347,-0.094
-0.079,0.334,-0.106
-0.064,0.325,-0.12
-0.06,0.312,-0.125
-0.052,0.302,-0.125
-0.052,0.3,-0.13
-0.05,0.299,-0.131
-0.05,0.299,-0.131
-0.051,0.293,-0.127
-0.058,0.292,-0.124
-0.065,0.284,-0.118
-0.072,0.281,-0.118
-0.072,0.277,-0.125
-0.073,0.272,-0.123
-0.073,0.272,-0.122
-0.079,0.262,-0.122
-0.078,0.252,-0.129
-0.079,0.243,-0.133
-0.078,0.233,-0.138
-0.075,0.223,-0.148
-0.078,0.216,-0.155
-0.078,0.205,-0.171
-0.072,0.205,-0.171
-0.071,0.186,-0.177
-0.07,0.178,-0.19
-0.072,0.171,-0.195
-0.075,0.157,-0.208
-0.076,0.142,-0.22
-0.085,0.135,-0.232
-0.085,0.135,-0.232
-0.088,0.12,-0.238
-0.096,0.11,-0.252
-0.104,0.099,-0.255
-0.116,0.094,-0.257
-0.123,0.085,-0.256
-0.136,0.081,-0.273
-0.136,0.081,-0.273
-0.147,0.077,-0.277
-0.154,0.072,-0.28
-0.161,0.062,-0.294
-0.171,0.053,-0.296
-0.183,0.046,-0.293
-0.196,0.049,-0.292
-0.196,0.049,-0.292
-0.205,0.051,-0.29
-0.215,0.054,-0.289
-0.219,0.057,-0.285
-0.222,0.058,-0.267
-0.227,0.058,-0.26
-0.227,0.065,-0.244
-0.227,0.065,-0.244
-0.223,0.071,-0.246
-0.222,0.075,-0.231
-0.222,0.08,-0.228
-0.216,0.082,-0.22
-0.208,0.087,-0.213
-0.202,0.09,-0.213
-0.202,0.09,-0.213
-0.192,0.097,-0.207
-0.185,0.103,-0.197
-0.173,0.108,-0.191
-0.158,0.124,-0.18
-0.146,0.132,-0.173
-0.126,0.15,-0.169
-0.126,0.15,-0.169
-0.107,0.159,-0.157
-0.091,0.171,-0.158
-0.081,0.18,-0.163
-0.07,0.181,-0.165
-0.063,0.182,-0.168
-0.062,0.185,-0.175
-0.062,0.185,-0.175
-0.054,0.187,-0.174
-0.053,0.182,-0.178
-0.051,0.178,-0.187
-0.042,0.179,-0.193
-0.041,0.179,-0.188
-0.031,0.186,-0.191
-0.031,0.186,-0.184
-0.014,0.208,-0.184
-0.003,0.22,-0.186
0.012,0.235,-0.179
0.019,0.25,-0.178
0.023,0.267,-0.177
0.027,0.282,-0.173
0.029,0.288,-0.176
0.029,0.288,-0.176
0.034,0.296,-0.176
0.034,0.296,-0.174
0.037,0.3,-0.179
0.036,0.295,-0.178
0.033,0.304,-0.165
0.026,0.308,-0.163
0.026,0.308,-0.163
0.018,0.324,-0.152
0.008,0.34,-0.143
-0.007,0.357,-0.129
-0.023,0.373,-0.119
-0.042,0.389,-0.119
-0.05,0.396,-0.104
-0.05,0.396,-0.104
-0.061,0.406,-0.099
-0.071,0.412,-0.092
-0.079,0.433,-0.083
-0.076,0.443,-0.093
-0.073,0.457,-0.101
-0.071,0.466,-0.102
-0.071,0.466,-0.102
-0.071,0.483,-0.104
-0.062,0.491,-0.112
-0.059,0.499,-0.118
-0.048,0.507,-0.126
-0.044,0.519,-0.132
-0.036,0.529,-0.144
-0.036,0.529,-0.144
-0.031,0.537,-0.154
-0.023,0.548,-0.173
-0.005,0.558,-0.191
0.012,0.569,-0.205
0.027,0.574,-0.237
0.05,0.571,-0.265
0.05,0.571,-0.265
0.069,0.562,-0.277
0.08,0.552,-0.295
0.086,0.545,-0.306
0.097,0.539,-0.324
0.098,0.535,-0.338
0.11,0.531,-0.353
0.11,0.531,-0.353
0.109,0.527,-0.362
0.11,0.521,-0.384
0.115,0.51,-0.396
0.115,0.501,-0.411
0.114,0.49,-0.422
0.114,0.487,-0.432
0.114,0.487,-0.447
0.114,0.48,-0.447
0.116,0.475,-0.454
0.114,0.461,-0.461
0.114,0.448,-0.467
0.115,0.431,-0.467
0.118,0.409,-0.466
0.118,0.385,-0.471
0.116,0.385,-0.471
0.116,0.358,-0.461
0.116,0.337,-0.443
0.114,0.311,-0.438
0.113,0.301,-0.428
0.109,0.292,-0.423
0.104,0.287,-0.416
0.104,0.287,-0.416
0.102,0.277,-0.408
0.1,0.271,-0.401
0.094,0.266,-0.397
0.086,0.257,-0.398
0.087,0.245,-0.39
0.086,0.242,-0.385
0.086,0.242,-0.385
0.078,0.236,-0.381
0.075,0.233,-0.373
0.066,0.223,-0.367
0.06,0.212,-0.354
0.042,0.201,-0.339
0.034,0.187,-0.336
0.034,0.187,-0.336
0.021,0.172,-0.33
0.004,0.16,-0.316
-0.003,0.154,-0.313
-0.01,0.146,-0.307
-0.018,0.151,-0.302
-0.022,0.144,-0.292
-0.022,0.144,-0.292
-0.025,0.145,-0.288
-0.033,0.146,-0.284
-0.052,0.142,-0.27
-0.056,0.141,-0.264
-0.056,0.143,-0.257
-0.059,0.144,-0.258
-0.059,0.144,-0.258
-0.061,0.142,-0.256
-0.055,0.152,-0.259
-0.054,0.149,-0.256
-0.047,0.153,-0.251
-0.048,0.151,-0.245
-0.051,0.155,-0.245
-0.051,0.155,-0.245
-0.054,0.153,-0.242
-0.055,0.153,-0.239
-0.061,0.155,-0.233
-0.062,0.154,-0.224
-0.068,0.155,-0.212
-0.078,0.155,-0.209
-0.078,0.155,-0.209
-0.087,0.16,-0.202
-0.093,0.154,-0.2
-0.097,0.153,-0.2
-0.096,0.155,-0.194
-0.096,0.154,-0.196
-0.099,0.152,-0.204
-0.099,0.152,-0.203
-0.101,0.153,-0.203
-0.093,0.151,-0.206
-0.092,0.15,-0.218
-0.091,0.148,-0.208
-0.086,0.149,-0.21
-0.086,0.154,-0.201
-0.086,0.159,-0.193
-0.078,0.159,-0.193
-0.082,0.162,-0.187
-0.085,0.163,-0.187
-0.082,0.168,-0.184
-0.081,0.169,-0.181
-0.08,0.169,-0.175
-0.083,0.172,-0.173
-0.083,0.172,-0.173
-0.085,0.173,-0.173
-0.079,0.178,-0.168
-0.087,0.178,-0.163
-0.092,0.183,-0.163
-0.105,0.185,-0.152
-0.121,0.181,-0.15
-0.121,0.181,-0.15
-0.154,0.181,-0.136
-0.176,0.178,-0.126
-0.207,0.182,-0.115
-0.228,0.18,-0.116
-0.246,0.183,-0.117
-0.27,0.181,-0.119
-0.27,0.181,-0.119
-0.294,0.19,-0.118
-0.317,0.183,-0.126
-0.342,0.186,-0.137
-0.367,0.181,-0.15
-0.39,0.179,-0.169
-0.41,0.176,-0.187
-0.41,0.176,-0.187
-0.422,0.176,-0.2
-0.428,0.164,-0.21
-0.431,0.16,-0.222
-0.434,0.157,-0.227
-0.442,0.155,-0.234
-0.453,0.159,-0.246
-0.453,0.159,-0.246
-0.455,0.16,-0.249
-0.462,0.158,-0.261
-0.468,0.156,-0.281
-0.469,0.153,-0.291
-0.473,0.156,-0.299
-0.48,0.156,-0.303
-0.48,0.156,-0.303
-0.48,0.155,-0.314
-0.486,0.168,-0.321
-0.502,0.19,-0.323
-0.522,0.217,-0.314
-0.529,0.242,-0.291
-0.529,0.241,-0.28
-0.529,0.241,-0.28
-0.526,0.234,-0.279
-0.517,0.23,-0.278
-0.518,0.23,-0.284
-0.519,0.231,-0.284
-0.525,0.226,-0.293
-0.521,0.226,-0.288
-0.521,0.226,-0.287
-0.522,0.229,-0.287
-0.528,0.23,-0.298
-0.53,0.237,-0.29
-0.529,0.245,-0.289
-0.53,0.244,-0.286
-0.533,0.25,-0.277
-0.533,0.25,-0.273
-0.529,0.25,-0.273
-0.522,0.246,-0.272
-0.522,0.255,-0.266
-0.525,0.263,-0.261
-0.525,0.275,-0.245
-0.528,0.293,-0.228
-0.527,0.304,-0.217
-0.527,0.304,-0.217
-0.52,0.322,-0.199
-0.51,0.338,-0.188
-0.492,0.347,-0.172
-0.48,0.352,-0.151
-0.462,0.36,-0.137
-0.447,0.367,-0.123
-0.447,0.367,-0.123
-0.439,0.371,-0.118
-0.436,0.378,-0.117
-0.432,0.374,-0.119
-0.429,0.373,-0.11
-0.419,0.368,-0.108
-0.41,0.364,-0.102
-0.41,0.364,-0.102
-0.402,0.354,-0.097
-0.401,0.347,-0.094
-0.395,0.343,-0.094
-0.388,0.344,-0.093
-0.388,0.336,-0.098
-0.388,0.327,-0.098
-0.388,0.327,-0.098
-0.385,0.321,-0.099
-0.385,0.306,-0.102
-0.375,0.296,-0.103
-0.367,0.279,-0.106
-0.362,0.266,-0.111
-0.356,0.248,-0.111
-0.356,0.248,-0.111
-0.344,0.232,-0.116
-0.33,0.218,-0.117
-0.312,0.198,-0.129
-0.295,0.18,-0.134
-0.278,0.158,-0.146
-0.259,0.14,-0.159
-0.259,0.14,-0.159
-0.244,0.123,-0.18
-0.234,0.105,-0.2
-0.225,0.091,-0.222
-0.216,0.08,-0.244
-0.213,0.071,-0.266
-0.208,0.061,-0.288
-0.208,0.061,-0.288
-0.203,0.054,-0.313
-0.197,0.053,-0.335
-0.193,0.051,-0.348
-0.183,0.048,-0.371
-0.169,0.049,-0.382
-0.161,0.05,-0.386
-0.161,0.05,-0.401
-0.147,0.054,-0.401
-0.13,0.058,-0.412
-0.118,0.063,-0.41
-0.1,0.072,-0.41
-0.084,0.075,-0.406
-0.067,0.085,-0.395
-0.067,0.095,-0.39
-0.053,0.095,-0.39
-0.043,0.104,-0.374
-0.029,0.109,-0.36
-0.023,0.114,-0.347
-0.019,0.117,-0.325
-0.019,0.127,-0.311
-0.012,0.138,-0.299
-0.012,0.138,-0.299
-0.007,0.137,-0.279
-0.015,0.164,-0.255
-0.017,0.177,-0.234
-0.005,0.186,-0.23
-0.003,0.193,-0.226
0.004,0.203,-0.22
0.004,0.203,-0.22
0.005,0.212,-0.218
0.013,0.215,-0.227
0.022,0.2,-0.228
0.028,0.204,-0.228
0.026,0.203,-0.228
0.024,0.2,-0.232
0.024,0.2,-0.232
0.015,0.188,-0.231
0.013,0.18,-0.243
0.023,0.169,-0.255
0.034,0.168,-0.274
0.042,0.164,-0.281
0.049,0.165,-0.296
0.049,0.165,-0.296
0.051,0.167,-0.304
0.053,0.171,-0.305
0.059,0.173,-0.306
0.062,0.177,-0.306
0.058,0.176,-0.297
0.058,0.17,-0.295
0.058,0.17,-0.295
0.047,0.155,-0.303
0.045,0.146,-0.309
0.045,0.143,-0.326
0.045,0.138,-0.333
0.048,0.143,-0.332
0.045,0.151,-0.342
0.045,0.151,-0.342
0.044,0.145,-0.34
0.041,0.144,-0.341
0.044,0.136,-0.345
0.038,0.136,-0.346
0.037,0.133,-0.349
0.037,0.137,-0.347
0.037,0.137,-0.347
0.039,0.14,-0.353
0.036,0.132,-0.353
0.036,0.137,-0.354
0.041,0.136,-0.35
0.043,0.139,-0.351
0.047,0.144,-0.354
0.047,0.144,-0.353
0.053,0.153,-0.353
0.062,0.165,-0.36
0.071,0.176,-0.354
0.082,0.192,-0.35
0.09,0.209,-0.342
0.101,0.229,-0.333
0.101,0.256,-0.32
0.107,0.256,-0.32
0.112,0.284,-0.304
0.118,0.315,-0.297
0.123,0.344,-0.295
0.127,0.374,-0.298
0.13,0.397,-0.31
0.13,0.411,-0.311
0.13,0.411,-0.311
0.132,0.422,-0.304
0.126,0.426,-0.296
0.119,0.426,-0.288
0.115,0.418,-0.274
0.115,0.41,-0.265
0.106,0.394,-0.249
0.106,0.394,-0.249
0.106,0.376,-0.247
0.101,0.362,-0.246
0.086,0.349,-0.228
0.077,0.328,-0.221
0.063,0.314,-0.212
0.048,0.287,-0.201
0.048,0.287,-0.201
0.035,0.255,-0.189
0.004,0.226,-0.183
-0.024,0.194,-0.185
-0.048,0.173,-0.191
-0.067,0.15,-0.211
-0.078,0.129,-0.22
-0.078,0.129,-0.22
-0.093,0.112,-0.236
-0.114,0.095,-0.257
-0.151,0.087,-0.28
-0.185,0.072,-0.286
-0.221,0.066,-0.301
-0.254,0.057,-0.306
-0.254,0.057,-0.306
-0.271,0.059,-0.304
-0.296,0.063,-0.306
-0.311,0.07,-0.302
-0.319,0.065,-0.302
-0.327,0.068,-0.301
-0.336,0.072,-0.293
-0.336,0.072,-0.293
-0.342,0.081,-0.288
-0.353,0.086,-0.282
-0.361,0.094,-0.271
-0.363,0.103,-0.258
-0.367,0.118,-0.24
-0.368,0.122,-0.232
-0.368,0.122,-0.232
-0.368,0.134,-0.216
-0.365,0.145,-0.199
-0.362,0.155,-0.189
-0.363,0.168,-0.177
-0.361,0.178,-0.164
-0.357,0.192,-0.156
-0.357,0.192,-0.144
-0.353,0.2,-0.144
-0.348,0.206,-0.13
-0.34,0.212,-0.124
-0.326,0.219,-0.12
-0.316,0.222,-0.122
-0.307,0.228,-0.11
-0.307,0.229,-0.108
-0.297,0.229,-0.108
-0.286,0.239,-0.109
-0.28,0.25,-0.099
-0.279,0.265,-0.092
-0.278,0.287,-0.094
-0.282,0.308,-0.085
-0.296,0.325,-0.08
-0.296,0.325,-0.08
-0.313,0.339,-0.078
-0.329,0.354,-0.086
-0.338,0.349,-0.087
-0.349,0.354,-0.088
-0.363,0.355,-0.095
-0.377,0.357,-0.097
-0.377,0.357,-0.097
-0.381,0.36,-0.102
-0.387,0.366,-0.1
-0.391,0.368,-0.105
-0.4,0.365,-0.109
-0.405,0.368,-0.122
-0.408,0.367,-0.117
-0.408,0.367,-0.117
-0.425,0.366,-0.123
-0.436,0.365,-0.129
-0.448,0.367,-0.139
-0.465,0.37,-0.149
-0.477,0.381,-0.165
-0.49,0.384,-0.18
-0.49,0.384,-0.18
-0.503,0.396,-0.187
-0.515,0.408,-0.208
-0.523,0.422,-0.221
-0.527,0.438,-0.232
-0.541,0.462,-0.25
-0.542,0.474,-0.274
-0.542,0.474,-0.274
-0.548,0.487,-0.291
-0.552,0.503,-0.315
-0.559,0.52,-0.333
-0.561,0.532,-0.355
-0.556,0.544,-0.378
-0.548,0.556,-0.398
-0.548,0.556,-0.398
-0.54,0.574,-0.425
-0.53,0.586,-0.443
-0.516,0.6,-0.451
-0.504,0.616,-0.468
-0.493,0.624,-0.487
-0.474,0.627,-0.499
-0.474,0.627,-0.499
-0.46,0.636,-0.517
-0.449,0.634,-0.527
-0.428,0.644,-0.544
-0.41,0.653,-0.549
-0.397,0.655,-0.558
-0.377,0.655,-0.569
-0.377,0.655,-0.569
-0.36,0.66,-0.575
-0.348,0.655,-0.582
-0.329,0.651,-0.591
-0.316,0.649,-0.603
-0.303,0.649,-0.601
-0.297,0.649,-0.607
-0.297,0.649,-0.613
-0.285,0.644,-0.613
-0.268,0.642,-0.617
-0.257,0.639,-0.622
-0.245,0.639,-0.623
-0.235,0.639,-0.626
-0.226,0.64,-0.626
-0.226,0.641,-0.629
-0.218,0.641,-0.629
-0.216,0.641,-0.627
-0.209,0.641,-0.628
-0.207,0.645,-0.624
-0.209,0.644,-0.622
-0.211,0.642,-0.626
-0.215,0.641,-0.624
-0.215,0.641,-0.624
-0.22,0.642,-0.626
-0.228,0.641,-0.626
-0.242,0.642,-0.628
-0.256,0.641,-0.619
-0.269,0.641,-0.624
-0.288,0.638,-0.612
-0.288,0.638,-0.612
-0.311,0.639,-0.606
-0.337,0.637,-0.594
-0.365,0.641,-0.58
-0.386,0.648,-0.556
-0.411,0.651,-0.526
-0.427,0.65,-0.501
-0.427,0.65,-0.501
-0.441,0.657,-0.473
-0.448,0.658,-0.449
-0.459,0.655,-0.426
-0.461,0.653,-0.401
-0.467,0.653,-0.384
-0.468,0.652,-0.369
-0.468,0.652,-0.369
-0.47,0.645,-0.344
-0.473,0.641,-0.327
-0.474,0.634,-0.303
-0.472,0.628,-0.282
-0.468,0.623,-0.261
-0.461,0.616,-0.243
-0.461,0.616,-0.243
-0.451,0.611,-0.219
-0.436,0.603,-0.196
-0.42,0.587,-0.177
-0.405,0.574,-0.15
-0.38,0.566,-0.129
-0.351,0.553,-0.109
-0.351,0.553,-0.109
-0.316,0.539,-0.102
-0.279,0.527,-0.087
-0.242,0.512,-0.084
-0.206,0.502,-0.077
-0.169,0.486,-0.078
-0.141,0.469,-0.083
-0.141,0.469,-0.083
-0.108,0.459,-0.097
-0.072,0.448,-0.104
-0.038,0.431,-0.129
-0.005,0.416,-0.149
0.031,0.402,-0.178
0.051,0.396,-0.208
0.051,0.396,-0.208
0.074,0.387,-0.23
0.086,0.378,-0.254
0.092,0.369,-0.278
0.102,0.365,-0.297
0.107,0.361,-0.314
0.11,0.355,-0.325
0.11,0.355,-0.343
0.111,0.357,-0.343
0.117,0.353,-0.353
0.12,0.351,-0.369
0.119,0.354,-0.379
0.117,0.357,-0.388
0.116,0.358,-0.398
0.116,0.365,-0.406
0.12,0.365,-0.406
0.121,0.365,-0.416
0.118,0.367,-0.422
0.119,0.367,-0.427
0.117,0.373,-0.435
0.118,0.375,-0.448
0.117,0.377,-0.453
0.117,0.377,-0.453
0.112,0.376,-0.457
0.114,0.374,-0.46
0.109,0.37,-0.475
0.102,0.364,-0.494
0.094,0.357,-0.51
0.092,0.357,-0.505
0.092,0.357,-0.505
0.092,0.362,-0.501
0.092,0.357,-0.499
0.089,0.356,-0.495
0.09,0.352,-0.501
0.093,0.353,-0.489
0.093,0.356,-0.486
0.093,0.356,-0.486
0.098,0.356,-0.48
0.099,0.356,-0.478
0.094,0.356,-0.476
0.098,0.36,-0.48
0.096,0.36,-0.481
0.098,0.363,-0.483
0.098,0.363,-0.483
0.095,0.363,-0.483
0.096,0.37,-0.49
0.106,0.374,-0.487
0.102,0.382,-0.494
0.098,0.387,-0.496
0.099,0.39,-0.501
0.099,0.39,-0.501
0.1,0.392,-0.51
0.098,0.399,-0.516
0.091,0.404,-0.533
0.087,0.411,-0.546
0.076,0.419,-0.554
0.071,0.429,-0.569
0.071,0.429,-0.569
0.054,0.434,-0.589
0.043,0.443,-0.598
0.034,0.454,-0.606
0.017,0.473,-0.616
0.001,0.486,-0.623
-0.017,0.502,-0.628
-0.017,0.502,-0.628
-0.031,0.518,-0.641
-0.05,0.535,-0.647
-0.069,0.554,-0.65
-0.09,0.567,-0.646
-0.112,0.58,-0.647
-0.14,0.594,-0.652
-0.14,0.594,-0.648
-0.162,0.603,-0.648
-0.188,0.616,-0.639
-0.207,0.625,-0.642
-0.222,0.639,-0.626
-0.244,0.648,-0.626
-0.265,0.658,-0.62
-0.282,0.673,-0.605
-0.282,0.673,-0.605
-0.307,0.685,-0.596
-0.327,0.69,-0.579
-0.35,0.695,-0.561
-0.372,0.7,-0.548
-0.391,0.706,-0.525
-0.407,0.706,-0.505
-0.407,0.706,-0.505
-0.427,0.708,-0.478
-0.437,0.706,-0.468
-0.436,0.696,-0.457
-0.442,0.696,-0.44
-0.442,0.7,-0.423
-0.457,0.693,-0.394
-0.457,0.693,-0.394
-0.459,0.689,-0.373
-0.464,0.687,-0.354
-0.465,0.681,-0.346
-0.467,0.684,-0.334
-0.464,0.678,-0.342
-0.47,0.678,-0.347
-0.47,0.678,-0.347
-0.467,0.684,-0.348
-0.469,0.683,-0.352
-0.468,0.686,-0.36
-0.469,0.688,-0.359
-0.47,0.687,-0.371
-0.468,0.687,-0.381
-0.468,0.687,-0.381
-0.473,0.685,-0.393
-0.471,0.679,-0.411
-0.471,0.677,-0.431
-0.461,0.672,-0.453
-0.46,0.672,-0.48
-0.448,0.66,-0.517
-0.448,0.66,-0.517
-0.436,0.655,-0.542
-0.419,0.629,-0.582
-0.394,0.6,-0.621
-0.36,0.564,-0.653
-0.317,0.533,-0.675
-0.274,0.501,-0.691
-0.274,0.501,-0.691
-0.228,0.472,-0.7
-0.178,0.438,-0.699
-0.124,0.399,-0.686
-0.087,0.379,-0.673
-0.056,0.384,-0.652
-0.026,0.387,-0.636
-0.026,0.387,-0.636
0.004,0.387,-0.611
0.035,0.383,-0.578
0.062,0.377,-0.548
0.088,0.378,-0.516
0.102,0.388,-0.476
0.113,0.405,-0.451
0.113,0.405,-0.426
0.118,0.425,-0.426
0.118,0.445,-0.394
0.114,0.46,-0.379
0.111,0.472,-0.356
0.105,0.492,-0.332
0.099,0.496,-0.316
0.099,0.511,-0.3
0.088,0.511,-0.3
0.083,0.513,-0.276
0.07,0.519,-0.253
0.056,0.515,-0.226
0.037,0.51,-0.198
0.013,0.515,-0.179
-0.014,0.517,-0.164
-0.014,0.517,-0.164
-0.034,0.517,-0.144
-0.052,0.515,-0.128
-0.075,0.515,-0.119
-0.098,0.515,-0.109
-0.121,0.512,-0.093
-0.15,0.52,-0.094
-0.15,0.52,-0.094
-0.171,0.533,-0.096
-0.203,0.546,-0.088
-0.229,0.559,-0.098
-0.247,0.578,-0.107
-0.259,0.589,-0.122
-0.27,0.594,-0.119
-0.27,0.594,-0.119
-0.275,0.6,-0.124
-0.279,0.604,-0.126
-0.289,0.608,-0.122
-0.294,0.609,-0.129
-0.307,0.607,-0.132
-0.323,0.607,-0.136
-0.323,0.607,-0.136
-0.339,0.609,-0.141
-0.362,0.612,-0.143
-0.385,0.619,-0.156
-0.404,0.616,-0.158
-0.426,0.612,-0.175
-0.454,0.605,-0.189
-0.454,0.605,-0.189
-0.481,0.598,-0.208
-0.506,0.593,-0.231
-0.529,0.584,-0.254
-0.54,0.577,-0.264
-0.546,0.567,-0.272
-0.545,0.554,-0.277
-0.545,0.554,-0.277
-0.544,0.55,-0.291
-0.544,0.546,-0.301
-0.543,0.543,-0.303
-0.542,0.54,-0.303
-0.547,0.538,-0.312
-0.554,0.536,-0.312
-0.554,0.536,-0.312
-0.557,0.529,-0.326
-0.558,0.522,-0.349
-0.561,0.517,-0.362
-0.563,0.514,-0.374
-0.564,0.511,-0.382
-0.566,0.504,-0.385
-0.566,0.504,-0.393
-0.567,0.508,-0.393
-0.567,0.507,-0.401
-0.564,0.505,-0.426
-0.557,0.504,-0.454
-0.558,0.499,-0.475
-0.556,0.492,-0.478
-0.556,0.484,-0.488
-0.555,0.484,-0.488
-0.552,0.485,-0.503
-0.546,0.484,-0.513
-0.543,0.491,-0.517
-0.535,0.5,-0.521
-0.534,0.51,-0.526
-0.534,0.517,-0.525
-0.534,0.517,-0.525
-0.529,0.525,-0.525
-0.523,0.53,-0.538
-0.521,0.536,-0.543
-0.509,0.541,-0.551
-0.507,0.55,-0.551
-0.499,0.562,-0.563
-0.499,0.562,-0.563
-0.488,0.566,-0.558
-0.475,0.579,-0.567
-0.462,0.586,-0.576
-0.446,0.599,-0.583
-0.434,0.613,-0.595
-0.414,0.621,-0.599
-0.414,0.621,-0.599
-0.389,0.628,-0.614
-0.367,0.637,-0.615
-0.337,0.641,-0.626
-0.305,0.645,-0.629
-0.275,0.644,-0.636
-0.248,0.643,-0.644
-0.248,0.643,-0.644
-0.217,0.637,-0.646
-0.189,0.638,-0.645
-0.158,0.635,-0.642
-0.135,0.633,-0.64
-0.11,0.627,-0.635
-0.089,0.624,-0.624
-0.089,0.624,-0.624
-0.069,0.621,-0.621
-0.06,0.623,-0.611
-0.058,0.628,-0.61
-0.049,0.632,-0.599
-0.046,0.639,-0.589
-0.041,0.641,-0.586
-0.041,0.641,-0.586
-0.036,0.648,-0.573
-0.027,0.647,-0.572
-0.018,0.649,-0.555
-0.012,0.652,-0.548
-0.004,0.655,-0.535
0.006,0.65,-0.52
0.006,0.65,-0.52
0.012,0.65,-0.511
0.024,0.647,-0.501
0.031,0.641,-0.486
0.045,0.631,-0.473
0.057,0.625,-0.467
0.067,0.616,-0.453
0.067,0.616,-0.453
0.075,0.604,-0.44
0.086,0.589,-0.427
0.09,0.574,-0.419
0.103,0.557,-0.418
0.108,0.545,-0.414
0.11,0.526,-0.415
0.11,0.512,-0.414
0.117,0.512,-0.414
0.124,0.492,-0.417
0.127,0.477,-0.417
0.128,0.457,-0.423
0.13,0.438,-0.424
0.134,0.425,-0.424
0.133,0.409,-0.426
0.133,0.409,-0.426
0.131,0.394,-0.431
0.13,0.382,-0.443
0.13,0.366,-0.452
0.125,0.353,-0.458
0.127,0.336,-0.458
0.125,0.328,-0.465
0.125,0.328,-0.465
0.125,0.317,-0.467
0.12,0.32,-0.475
0.118,0.313,-0.478
0.119,0.309,-0.492
0.114,0.314,-0.496
0.113,0.323,-0.512
0.113,0.323,-0.512
0.115,0.326,-0.515
0.112,0.332,-0.521
0.113,0.338,-0.524
0.108,0.344,-0.528
0.103,0.355,-0.541
0.102,0.36,-0.552
0.102,0.36,-0.552
0.099,0.366,-0.549
0.097,0.371,-0.559
0.095,0.374,-0.56
0.096,0.368,-0.568
0.091,0.369,-0.571
0.088,0.368,-0.572
0.088,0.368,-0.572
0.082,0.363,-0.582
0.078,0.359,-0.587
0.069,0.368,-0.599
0.063,0.374,-0.613
0.053,0.382,-0.627
0.041,0.395,-0.645
0.041,0.395,-0.645
0.026,0.4,-0.656
0.017,0.41,-0.664
-0.002,0.432,-0.666
-0.012,0.45,-0.679
-0.027,0.478,-0.681
-0.045,0.508,-0.679
-0.045,0.508,-0.679
-0.058,0.53,-0.686
-0.088,0.55,-0.684
-0.119,0.56,-0.691
-0.144,0.563,-0.692
-0.176,0.559,-0.698
-0.194,0.547,-0.713
-0.194,0.547,-0.713
-0.205,0.54,-0.704
-0.21,0.524,-0.714
-0.208,0.511,-0.716
-0.203,0.498,-0.722
-0.191,0.483,-0.719
-0.174,0.487,-0.722
-0.174,0.487,-0.712
-0.155,0.49,-0.712
-0.134,0.49,-0.712
-0.118,0.49,-0.708
-0.103,0.483,-0.705
-0.083,0.474,-0.701
-0.067,0.465,-0.703
-0.067,0.466,-0.692
-0.049,0.466,-0.692
-0.023,0.453,-0.679
0.013,0.456,-0.657
0.05,0.457,-0.631
0.078,0.477,-0.595
0.087,0.525,-0.577
0.059,0.557,-0.579
0.059,0.557,-0.579
0.045,0.558,-0.588
0.051,0.548,-0.588
0.055,0.537,-0.583
0.057,0.534,-0.571
0.062,0.523,-0.57
0.066,0.518,-0.566
0.066,0.518,-0.566
0.069,0.51,-0.574
0.068,0.506,-0.574
0.067,0.499,-0.573
0.059,0.494,-0.576
0.06,0.49,-0.584
0.057,0.481,-0.586
0.057,0.481,-0.586
0.052,0.471,-0.59
0.048,0.467,-0.6
0.043,0.459,-0.606
0.039,0.458,-0.609
0.035,0.451,-0.61
0.034,0.447,-0.615
0.034,0.447,-0.615
0.026,0.447,-0.613
0.021,0.449,-0.615
0.017,0.456,-0.624
0.017,0.466,-0.62
0.01,0.472,-0.614
0.004,0.477,-0.621
0.004,0.477,-0.621
0.014,0.453,-0.621
0.007,0.435,-0.625
-0.002,0.432,-0.631
-0.013,0.425,-0.643
-0.023,0.424,-0.644
-0.024,0.429,-0.647
-0.024,0.429,-0.647
-0.02,0.43,-0.644
-0.016,0.436,-0.641
-0.02,0.445,-0.648
-0.025,0.448,-0.651
-0.034,0.458,-0.654
-0.039,0.467,-0.655
-0.039,0.467,-0.654
-0.049,0.474,-0.654
-0.05,0.492,-0.663
-0.06,0.506,-0.656
-0.059,0.52,-0.653
-0.063,0.535,-0.649
-0.065,0.548,-0.636
-0.065,0.553,-0.635
-0.068,0.553,-0.635
-0.071,0.565,-0.642
-0.08,0.569,-0.64
-0.086,0.571,-0.638
-0.095,0.573,-0.645
-0.104,0.574,-0.653
-0.117,0.575,-0.651
-0.117,0.575,-0.651
-0.13,0.58,-0.655
-0.145,0.577,-0.661
-0.161,0.578,-0.662
-0.184,0.575,-0.664
-0.201,0.576,-0.668
-0.221,0.575,-0.674
-0.221,0.575,-0.674
-0.241,0.578,-0.672
-0.263,0.579,-0.663
-0.283,0.579,-0.669
-0.306,0.574,-0.661
-0.337,0.57,-0.645
-0.369,0.566,-0.64
-0.369,0.566,-0.64
-0.408,0.563,-0.62
-0.448,0.551,-0.595
-0.479,0.533,-0.572
-0.505,0.503,-0.552
-0.524,0.485,-0.54
-0.532,0.464,-0.531
-0.532,0.464,-0.531
-0.54,0.445,-0.514
-0.546,0.431,-0.51
-0.557,0.419,-0.493
-0.558,0.406,-0.494
-0.561,0.399,-0.484
-0.563,0.397,-0.477
-0.563,0.397,-0.477
-0.567,0.398,-0.473
-0.565,0.398,-0.472
-0.568,0.394,-0.456
-0.572,0.389,-0.45
-0.574,0.388,-0.44
-0.574,0.387,-0.444
-0.574,0.387,-0.444
-0.577,0.381,-0.436
-0.574,0.383,-0.439
-0.577,0.379,-0.437
-0.577,0.383,-0.435
-0.577,0.376,-0.441
-0.575,0.378,-0.443
-0.575,0.378,-0.443
-0.574,0.376,-0.444
-0.576,0.374,-0.433
-0.577,0.372,-0.435
-0.575,0.368,-0.428
-0.577,0.367,-0.431
-0.581,0.362,-0.42
-0.581,0.362,-0.412
-0.585,0.361,-0.412
-0.583,0.356,-0.414
-0.58,0.362,-0.405
-0.583,0.362,-0.395
-0.585,0.363,-0.387
-0.586,0.367,-0.373
-0.586,0.367,-0.365
-0.585,0.367,-0.365
-0.585,0.364,-0.35
-0.584,0.367,-0.341
-0.588,0.375,-0.327
-0.584,0.37,-0.319
-0.582,0.375,-0.308
-0.586,0.375,-0.305
-0.586,0.375,-0.305
-0.589,0.379,-0.303
-0.59,0.388,-0.296
-0.585,0.389,-0.284
-0.583,0.391,-0.269
-0.577,0.383,-0.252
-0.564,0.378,-0.224
-0.564,0.378,-0.224
-0.558,0.376,-0.213
-0.554,0.382,-0.213
-0.556,0.387,-0.202
-0.564,0.399,-0.196
-0.562,0.388,-0.199
-0.552,0.378,-0.191
-0.552,0.378,-0.191
-0.541,0.359,-0.177
-0.531,0.352,-0.173
-0.523,0.341,-0.161
-0.513,0.33,-0.161
-0.506,0.317,-0.157
-0.506,0.306,-0.166
-0.506,0.306,-0.166
-0.504,0.303,-0.167
-0.501,0.301,-0.168
-0.495,0.294,-0.172
-0.494,0.287,-0.166
-0.49,0.274,-0.168
-0.48,0.26,-0.162
-0.48,0.26,-0.162
-0.47,0.25,-0.168
-0.46,0.241,-0.163
-0.45,0.238,-0.168
-0.448,0.231,-0.171
-0.445,0.224,-0.176
-0.449,0.216,-0.181
-0.449,0.216,-0.181
-0.437,0.207,-0.185
-0.432,0.2,-0.196
-0.43,0.19,-0.198
-0.429,0.185,-0.198
-0.425,0.181,-0.202
-0.419,0.18,-0.207
-0.419,0.18,-0.207
-0.417,0.176,-0.206
-0.419,0.174,-0.205
-0.412,0.169,-0.209
-0.41,0.17,-0.213
-0.415,0.165,-0.221
-0.409,0.164,-0.223
-0.409,0.164,-0.222
-0.404,0.162,-0.222
-0.403,0.156,-0.23
-0.405,0.15,-0.228
-0.402,0.142,-0.245
-0.402,0.131,-0.256
-0.399,0.128,-0.27
-0.399,0.125,-0.282
-0.399,0.125,-0.282
-0.39,0.119,-0.299
-0.385,0.11,-0.317
-0.383,0.106,-0.32
-0.376,0.1,-0.34
-0.372,0.1,-0.348
-0.367,0.099,-0.366
-0.367,0.099,-0.366
-0.36,0.089,-0.38
-0.355,0.088,-0.379
-0.355,0.086,-0.379
-0.351,0.086,-0.388
-0.346,0.085,-0.394
-0.346,0.083,-0.397
-0.346,0.083,-0.397
-0.344,0.085,-0.396
-0.34,0.086,-0.399
-0.337,0.081,-0.405
-0.334,0.085,-0.411
-0.324,0.082,-0.418
-0.325,0.083,-0.424
-0.325,0.083,-0.424
-0.32,0.084,-0.434
-0.317,0.088,-0.437
-0.314,0.091,-0.446
-0.309,0.086,-0.452
-0.297,0.089,-0.462
-0.288,0.091,-0.473
-0.288,0.091,-0.473
-0.275,0.089,-0.479
-0.264,0.093,-0.484
-0.251,0.099,-0.496
-0.239,0.105,-0.508
-0.224,0.106,-0.522
-0.207,0.111,-0.534
-0.207,0.111,-0.534
-0.184,0.121,-0.538
-0.168,0.132,-0.549
-0.152,0.143,-0.565
-0.147,0.152,-0.572
-0.137,0.161,-0.584
-0.131,0.179,-0.593
-0.131,0.179,-0.593
-0.126,0.19,-0.597
-0.116,0.205,-0.604
-0.111,0.218,-0.617
-0.108,0.22,-0.617
-0.11,0.23,-0.621
-0.106,0.241,-0.629
-0.106,0.241,-0.629
-0.106,0.252,-0.642
-0.107,0.259,-0.643
-0.105,0.266,-0.651
-0.108,0.27,-0.653
-0.106,0.28,-0.652
-0.102,0.293,-0.652
-0.102,0.293,-0.652
-0.097,0.297,-0.652
-0.095,0.306,-0.656
-0.095,0.312,-0.658
-0.095,0.322,-0.659
-0.095,0.324,-0.662
-0.094,0.333,-0.658
-0.094,0.338,-0.66
-0.09,0.338,-0.66
-0.085,0.339,-0.66
-0.077,0.339,-0.661
-0.068,0.345,-0.662
-0.067,0.34,-0.648
-0.061,0.345,-0.648
-0.056,0.34,-0.653
-0.056,0.34,-0.653
-0.052,0.34,-0.648
-0.046,0.339,-0.639
-0.033,0.335,-0.632
-0.018,0.327,-0.617
-0.004,0.316,-0.598
0.014,0.305,-0.574
0.014,0.305,-0.574
0.031,0.293,-0.557
0.045,0.272,-0.532
0.051,0.256,-0.512
0.05,0.238,-0.49
0.045,0.213,-0.476
0.033,0.198,-0.451
0.033,0.198,-0.451
0.021,0.176,-0.448
0.008,0.162,-0.433
-0.003,0.145,-0.427
-0.019,0.137,-0.414
-0.026,0.126,-0.414
-0.036,0.118,-0.409
-0.036,0.118,-0.409
-0.052,0.112,-0.404
-0.065,0.104,-0.4
-0.076,0.096,-0.395
-0.085,0.095,-0.395
-0.077,0.077,-0.408
-0.083,0.073,-0.411
-0.083,0.073,-0.411
-0.086,0.068,-0.412
-0.101,0.069,-0.414
-0.111,0.061,-0.43
-0.127,0.059,-0.435
-0.141,0.061,-0.446
-0.161,0.059,-0.446
-0.161,0.059,-0.446
-0.178,0.053,-0.447
-0.195,0.055,-0.433
-0.2,0.053,-0.425
-0.208,0.048,-0.419
-0.219,0.043,-0.403
-0.24,0.046,-0.396
-0.24,0.046,-0.396
-0.267,0.045,-0.391
-0.291,0.051,-0.379
-0.316,0.05,-0.38
-0.329,0.063,-0.381
-0.341,0.065,-0.398
-0.351,0.071,-0.402
-0.351,0.071,-0.402
-0.359,0.074,-0.41
-0.377,0.081,-0.409
-0.392,0.092,-0.414
-0.411,0.101,-0.42
-0.419,0.112,-0.428
-0.435,0.124,-0.428
-0.435,0.124,-0.435
-0.451,0.135,-0.435
-0.463,0.146,-0.431
-0.478,0.164,-0.447
-0.485,0.176,-0.452
-0.497,0.19,-0.454
-0.51,0.208,-0.463
-0.51,0.231,-0.459
-0.523,0.231,-0.459
-0.529,0.252,-0.47
-0.541,0.275,-0.474
-0.545,0.299,-0.474
-0.551,0.323,-0.467
-0.561,0.341,-0.476
-0.563,0.367,-0.483
-0.563,0.367,-0.483
-0.564,0.385,-0.499
-0.56,0.406,-0.508
-0.553,0.431,-0.517
-0.547,0.448,-0.528
-0.538,0.47,-0.542
-0.531,0.494,-0.551
-0.531,0.494,-0.551
-0.515,0.515,-0.561
-0.498,0.537,-0.561
-0.484,0.552,-0.569
-0.471,0.572,-0.576
-0.454,0.585,-0.588
-0.426,0.597,-0.602
-0.426,0.597,-0.602
-0.404,0.607,-0.609
-0.373,0.615,-0.618
-0.345,0.619,-0.626
-0.311,0.623,-0.638
-0.274,0.628,-0.631
-0.249,0.623,-0.64
-0.249,0.623,-0.64
-0.215,0.619,-0.644
-0.194,0.605,-0.648
-0.171,0.592,-0.65
-0.145,0.575,-0.655
-0.13,0.555,-0.656
-0.116,0.528,-0.661
-0.116,0.528,-0.661
-0.1,0.508,-0.668
-0.083,0.481,-0.665
-0.072,0.45,-0.665
-0.069,0.401,-0.671
-0.085,0.357,-0.67
-0.082,0.332,-0.664
-0.082,0.332,-0.664
-0.071,0.326,-0.665
-0.063,0.322,-0.653
-0.067,0.313,-0.652
-0.071,0.301,-0.65
-0.096,0.285,-0.644
-0.119,0.271,-0.655
-0.119,0.271,-0.655
-0.141,0.258,-0.647
-0.17,0.245,-0.646
-0.201,0.226,-0.638
-0.226,0.217,-0.641
-0.248,0.203,-0.628
-0.274,0.192,-0.609
-0.274,0.192,-0.594
-0.301,0.175,-0.594
-0.319,0.168,-0.582
-0.329,0.159,-0.568
-0.345,0.154,-0.55
-0.357,0.148,-0.535
-0.361,0.137,-0.524
-0.361,0.134,-0.507
-0.372,0.134,-0.507
-0.374,0.122,-0.493
-0.38,0.116,-0.476
-0.378,0.105,-0.459
-0.375,0.099,-0.445
-0.37,0.085,-0.433
-0.365,0.081,-0.425
-0.365,0.081,-0.425
-0.362,0.076,-0.404
-0.35,0.071,-0.401
-0.343,0.068,-0.38
-0.334,0.064,-0.368
-0.326,0.062,-0.354
-0.325,0.058,-0.335
-0.325,0.058,-0.335
-0.314,0.059,-0.337
-0.308,0.058,-0.329
-0.305,0.06,-0.318
-0.296,0.059,-0.317
-0.292,0.059,-0.315
-0.283,0.055,-0.317
-0.283,0.055,-0.317
-0.276,0.054,-0.315
-0.271,0.055,-0.314
-0.266,0.051,-0.311
-0.261,0.048,-0.315
-0.265,0.048,-0.316
-0.264,0.05,-0.316
-0.264,0.05,-0.316
-0.261,0.049,-0.325
-0.258,0.046,-0.334
-0.248,0.038,-0.343
-0.242,0.036,-0.362
-0.232,0.035,-0.371
-0.218,0.04,-0.395
-0.218,0.04,-0.395
-0.208,0.039,-0.405
-0.199,0.037,-0.424
-0.185,0.042,-0.441
-0.176,0.051,-0.449
-0.173,0.061,-0.473
-0.169,0.073,-0.496
-0.169,0.073,-0.496
-0.165,0.083,-0.51
-0.165,0.094,-0.532
-0.173,0.104,-0.553
-0.174,0.116,-0.566
-0.18,0.13,-0.577
-0.185,0.138,-0.589
-0.185,0.138,-0.589
-0.197,0.149,-0.602
-0.211,0.164,-0.613
-0.236,0.179,-0.626
-0.269,0.203,-0.63
-0.303,0.224,-0.644
-0.33,0.254,-0.646
-0.33,0.254,-0.647
-0.361,0.281,-0.647
-0.382,0.307,-0.641
-0.402,0.328,-0.639
-0.423,0.352,-0.634
-0.439,0.369,-0.625
-0.456,0.389,-0.615
-0.456,0.404,-0.602
-0.479,0.404,-0.602
-0.49,0.425,-0.583
-0.512,0.449,-0.567
-0.521,0.472,-0.548
-0.532,0.486,-0.528
-0.538,0.503,-0.516
-0.539,0.515,-0.504
-0.539,0.515,-0.504
-0.544,0.532,-0.482
-0.549,0.541,-0.477
-0.559,0.541,-0.45
-0.561,0.545,-0.438
-0.563,0.54,-0.421
-0.569,0.535,-0.397
-0.569,0.535,-0.397
-0.576,0.525,-0.386
-0.576,0.515,-0.376
-0.576,0.506,-0.357
-0.578,0.486,-0.34
-0.584,0.465,-0.339
-0.589,0.445,-0.334
-0.589,0.445,-0.334
-0.59,0.419,-0.323
-0.591,0.394,-0.32
-0.586,0.374,-0.314
-0.58,0.352,-0.313
-0.578,0.326,-0.305
-0.572,0.305,-0.311
-0.572,0.305,-0.311
-0.561,0.286,-0.308
-0.554,0.268,-0.309
-0.544,0.245,-0.305
-0.534,0.226,-0.308
-0.525,0.202,-0.313
-0.508,0.186,-0.312
-0.508,0.186,-0.312
-0.487,0.164,-0.31
-0.472,0.151,-0.311
-0.457,0.129,-0.323
-0.43,0.113,-0.34
-0.409,0.094,-0.336
-0.383,0.077,-0.344
-0.383,0.077,-0.344
-0.355,0.065,-0.345
-0.324,0.06,-0.346
-0.289,0.052,-0.344
-0.257,0.044,-0.345
-0.226,0.046,-0.354
-0.195,0.049,-0.359
-0.195,0.049,-0.359
-0.167,0.054,-0.365
-0.14,0.059,-0.368
-0.12,0.06,-0.378
-0.093,0.071,-0.387
-0.072,0.085,-0.395
-0.049,0.096,-0.397
-0.049,0.096,-0.41
-0.028,0.109,-0.41
-0.008,0.127,-0.412
0.012,0.143,-0.419
0.022,0.153,-0.419
0.039,0.168,-0.436
0.045,0.186,-0.437
0.045,0.195,-0.447
0.055,0.195,-0.447
0.057,0.197,-0.456
0.055,0.198,-0.463
0.059,0.194,-0.468
0.059,0.205,-0.474
0.068,0.221,-0.494
0.07,0.241,-0.498
0.07,0.241,-0.498
0.071,0.256,-0.526
0.065,0.268,-0.542
0.061,0.284,-0.562
0.06,0.297,-0.571
0.053,0.307,-0.584
0.045,0.319,-0.596
0.045,0.319,-0.596
0.033,0.331,-0.606
0.026,0.339,-0.619
0.015,0.354,-0.631
-0.001,0.358,-0.646
-0.01,0.368,-0.649
-0.024,0.375,-0.663
-0.024,0.375,-0.663
-0.034,0.379,-0.667
-0.048,0.386,-0.672
-0.058,0.392,-0.669
-0.066,0.394,-0.681
-0.071,0.397,-0.686
-0.076,0.403,-0.686
-0.076,0.403,-0.686
-0.081,0.407,-0.687
-0.093,0.418,-0.691
-0.098,0.419,-0.693
-0.094,0.422,-0.691
-0.099,0.423,-0.69
-0.097,0.424,-0.696
-0.097,0.424,-0.696
-0.093,0.425,-0.687
-0.088,0.424,-0.691
-0.085,0.42,-0.689
-0.08,0.417,-0.684
-0.07,0.416,-0.683
-0.058,0.421,-0.678
-0.058,0.421,-0.678
-0.045,0.416,-0.67
-0.028,0.417,-0.658
-0.012,0.417,-0.645
0.012,0.413,-0.636
0.031,0.41,-0.616
0.042,0.401,-0.607
0.042,0.401,-0.607
0.06,0.398,-0.587
0.079,0.385,-0.57
0.086,0.374,-0.549
0.1,0.363,-0.532
0.109,0.354,-0.513
0.111,0.336,-0.489
0.111,0.336,-0.489
0.115,0.317,-0.475
0.114,0.297,-0.448
0.113,0.264,-0.417
0.101,0.234,-0.397
0.083,0.205,-0.371
0.065,0.173,-0.363
0.065,0.173,-0.345
0.04,0.144,-0.345
0.013,0.124,-0.337
