mx,my,mz
-0.226,0.202,-0.444
-0.226,0.202,-0.444
-0.22,0.203,-0.445
-0.216,0.203,-0.444
-0.206,0.2,-0.442
-0.204,0.196,-0.441
-0.204,0.196,-0.441
-0.195,0.194,-0.443
-0.187,0.198,-0.445
-0.183,0.192,-0.451
-0.176,0.196,-0.453
-0.176,0.196,-0.453
-0.166,0.192,-0.46
-0.151,0.191,-0.46
-0.144,0.19,-0.47
-0.136,0.186,-0.473
-0.136,0.186,-0.473
-0.134,0.187,-0.471
-0.126,0.187,-0.482
-0.124,0.185,-0.48
-0.119,0.188,-0.484
-0.119,0.188,-0.484
-0.115,0.185,-0.493
-0.103,0.188,-0.498
-0.097,0.182,-0.498
-0.094,0.184,-0.499
-0.094,0.184,-0.499
-0.089,0.18,-0.507
-0.084,0.18,-0.514
-0.079,0.179,-0.517
-0.079,0.177,-0.52
-0.079,0.177,-0.52
-0.077,0.173,-0.53
-0.078,0.177,-0.523
-0.075,0.179,-0.525
-0.073,0.173,-0.532
-0.073,0.173,-0.532
-0.07,0.176,-0.533
-0.069,0.175,-0.536
-0.066,0.173,-0.54
-0.067,0.176,-0.556
-0.067,0.176,-0.556
-0.059,0.179,-0.563
-0.057,0.182,-0.563
-0.054,0.191,-0.577
-0.054,0.196,-0.586
-0.054,0.196,-0.586
-0.051,0.202,-0.592
-0.048,0.208,-0.597
-0.046,0.216,-0.614
-0.048,0.217,-0.616
-0.048,0.217,-0.616
-0.046,0.226,-0.625
-0.05,0.228,-0.621
-0.051,0.235,-0.628
-0.049,0.232,-0.634
-0.049,0.232,-0.634
-0.053,0.237,-0.636
-0.058,0.235,-0.642
-0.056,0.235,-0.644
-0.053,0.236,-0.64
-0.053,0.236,-0.64
-0.056,0.234,-0.643
-0.05,0.237,-0.638
-0.044,0.236,-0.627
-0.035,0.239,-0.627
-0.035,0.239,-0.627
-0.022,0.229,-0.621
-0.014,0.22,-0.6
-0.001,0.199,-0.589
0.006,0.178,-0.569
0.006,0.178,-0.569
0.009,0.147,-0.553
0.01,0.102,-0.538
-0.007,0.063,-0.525
-0.021,0.023,-0.519
-0.021,0.023,-0.519
-0.044,-0.018,-0.517
-0.072,-0.059,-0.526
-0.12,-0.093,-0.531
-0.178,-0.118,-0.563
-0.178,-0.118,-0.563
-0.24,-0.126,-0.579
-0.308,-0.105,-0.611
-0.372,-0.057,-0.638
-0.425,0.007,-0.652
-0.425,0.007,-0.652
-0.471,0.088,-0.655
-0.494,0.18,-0.641
-0.498,0.267,-0.611
-0.488,0.338,-0.578
-0.488,0.338,-0.578
-0.465,0.403,-0.541
-0.441,0.462,-0.505
-0.415,0.507,-0.458
-0.385,0.541,-0.407
-0.385,0.541,-0.407
-0.364,0.568,-0.356
-0.335,0.587,-0.314
-0.309,0.601,-0.265
-0.283,0.609,-0.22
-0.283,0.609,-0.22
-0.258,0.61,-0.186
-0.237,0.605,-0.149
-0.225,0.601,-0.111
-0.216,0.6,-0.092
-0.216,0.6,-0.092
-0.209,0.604,-0.073
-0.203,0.606,-0.058
-0.201,0.601,-0.042
-0.197,0.602,-0.033
-0.197,0.602,-0.033
-0.199,0.603,-0.021
-0.199,0.606,-0.009
-0.201,0.613,0.007
-0.209,0.631,0.01
-0.209,0.631,0.01
-0.216,0.645,0.025
-0.224,0.669,0.024
-0.231,0.7,0.015
-0.242,0.741,0.014
-0.242,0.741,0.014
-0.25,0.792,0.016
-0.26,0.839,0.005
-0.263,0.879,-0.002
-0.262,0.917,-0.016
-0.262,0.917,-0.016
-0.257,0.953,-0.04
-0.231,0.991,-0.07
-0.2,1.028,-0.102
-0.155,1.054,-0.147
-0.155,1.054,-0.147
-0.102,1.064,-0.208
-0.032,1.059,-0.269
0.046,1.029,-0.334
0.11,0.983,-0.393
0.11,0.983,-0.393
0.171,0.912,-0.426
0.22,0.824,-0.467
0.24,0.753,-0.49
0.246,0.682,-0.514
0.246,0.682,-0.514
0.246,0.595,-0.539
0.231,0.522,-0.559
0.206,0.445,-0.574
0.179,0.368,-0.581
0.179,0.368,-0.581
0.144,0.301,-0.583
0.096,0.233,-0.589
0.044,0.18,-0.599
-0.013,0.128,-0.606
-0.013,0.128,-0.606
-0.071,0.081,-0.609
-0.121,0.035,-0.606
-0.183,-0.015,-0.594
-0.249,-0.048,-0.591
-0.249,-0.048,-0.591
-0.317,-0.077,-0.572
-0.383,-0.1,-0.567
-0.453,-0.107,-0.547
-0.519,-0.107,-0.533
-0.519,-0.107,-0.533
-0.591,-0.092,-0.515
-0.654,-0.073,-0.497
-0.715,-0.05,-0.479
-0.774,-0.02,-0.462
-0.774,-0.02,-0.462
-0.82,0.01,-0.452
-0.861,0.056,-0.435
-0.895,0.111,-0.432
-0.92,0.172,-0.432
-0.92,0.172,-0.432
-0.927,0.237,-0.441
-0.93,0.302,-0.447
-0.924,0.353,-0.459
-0.91,0.396,-0.467
-0.91,0.396,-0.467
-0.898,0.435,-0.478
-0.875,0.466,-0.472
-0.858,0.488,-0.472
-0.843,0.501,-0.468
-0.843,0.501,-0.468
-0.828,0.511,-0.469
-0.81,0.52,-0.471
-0.792,0.534,-0.475
-0.774,0.55,-0.479
-0.774,0.55,-0.479
-0.747,0.572,-0.474
-0.717,0.589,-0.474
-0.687,0.613,-0.464
-0.655,0.641,-0.463
-0.655,0.641,-0.463
-0.619,0.663,-0.45
-0.588,0.684,-0.45
-0.555,0.705,-0.437
-0.529,0.722,-0.439
-0.529,0.722,-0.439
-0.508,0.732,-0.443
-0.481,0.742,-0.442
-0.46,0.746,-0.452
-0.435,0.753,-0.469
-0.435,0.753,-0.469
-0.405,0.757,-0.485
-0.387,0.758,-0.499
-0.367,0.758,-0.512
-0.354,0.76,-0.522
-0.354,0.76,-0.522
-0.332,0.761,-0.539
-0.315,0.76,-0.546
-0.318,0.766,-0.54
-0.31,0.769,-0.551
-0.31,0.769,-0.551
-0.299,0.779,-0.557
-0.286,0.781,-0.565
-0.268,0.785,-0.567
-0.258,0.784,-0.567
-0.258,0.784,-0.567
-0.238,0.787,-0.572
-0.224,0.792,-0.578
-0.212,0.794,-0.582
-0.193,0.798,-0.582
-0.193,0.798,-0.582
-0.177,0.795,-0.592
-0.16,0.791,-0.609
-0.147,0.788,-0.638
-0.139,0.773,-0.654
-0.139,0.773,-0.654
-0.131,0.756,-0.684
-0.121,0.742,-0.709
-0.113,0.724,-0.718
-0.1,0.703,-0.741
-0.1,0.703,-0.741
-0.093,0.669,-0.747
-0.082,0.65,-0.759
-0.075,0.623,-0.765
-0.075,0.604,-0.767
-0.075,0.604,-0.767
-0.075,0.583,-0.762
-0.075,0.569,-0.759
-0.072,0.555,-0.755
-0.072,0.54,-0.745
-0.072,0.54,-0.745
-0.071,0.529,-0.733
-0.07,0.518,-0.726
-0.075,0.508,-0.712
-0.071,0.494,-0.71
-0.071,0.494,-0.71
-0.07,0.484,-0.69
-0.069,0.466,-0.678
-0.071,0.457,-0.665
-0.068,0.446,-0.649
-0.068,0.446,-0.649
-0.068,0.436,-0.635
-0.065,0.424,-0.609
-0.067,0.417,-0.591
-0.067,0.402,-0.571
-0.067,0.402,-0.571
-0.075,0.405,-0.542
-0.08,0.393,-0.516
-0.088,0.378,-0.485
-0.11,0.375,-0.454
-0.11,0.375,-0.454
-0.13,0.368,-0.436
-0.15,0.363,-0.41
-0.179,0.362,-0.397
-0.204,0.361,-0.377
-0.204,0.361,-0.377
-0.247,0.364,-0.367
-0.275,0.364,-0.36
-0.302,0.372,-0.358
-0.331,0.379,-0.366
-0.331,0.379,-0.366
-0.35,0.392,-0.364
-0.367,0.401,-0.364
-0.377,0.405,-0.365
-0.383,0.409,-0.364
-0.383,0.409,-0.364
-0.391,0.415,-0.366
-0.399,0.412,-0.369
-0.416,0.416,-0.376
-0.435,0.422,-0.406
-0.435,0.422,-0.406
-0.454,0.435,-0.436
-0.47,0.463,-0.467
-0.47,0.498,-0.507
-0.456,0.532,-0.544
-0.456,0.532,-0.544
-0.438,0.57,-0.562
-0.423,0.595,-0.573
-0.404,0.632,-0.579
-0.383,0.671,-0.583
-0.383,0.671,-0.583
-0.358,0.703,-0.576
-0.328,0.74,-0.568
-0.297,0.77,-0.552
-0.257,0.789,-0.527
-0.257,0.789,-0.527
-0.227,0.799,-0.501
-0.192,0.81,-0.459
-0.159,0.813,-0.412
-0.12,0.802,-0.363
-0.12,0.802,-0.363
-0.091,0.779,-0.323
-0.065,0.741,-0.273
-0.052,0.702,-0.235
-0.038,0.65,-0.2
-0.038,0.65,-0.2
-0.03,0.594,-0.171
-0.033,0.55,-0.155
-0.036,0.51,-0.135
-0.044,0.475,-0.122
-0.044,0.475,-0.122
-0.06,0.459,-0.105
-0.084,0.453,-0.098
-0.103,0.455,-0.09
-0.127,0.451,-0.087
-0.127,0.451,-0.087
-0.162,0.437,-0.082
-0.194,0.432,-0.073
-0.228,0.431,-0.082
-0.261,0.441,-0.074
-0.261,0.441,-0.074
-0.288,0.446,-0.083
-0.32,0.465,-0.095
-0.348,0.491,-0.105
-0.375,0.503,-0.122
-0.375,0.503,-0.122
-0.397,0.52,-0.13
-0.417,0.54,-0.129
-0.434,0.542,-0.143
-0.446,0.544,-0.145
-0.446,0.544,-0.145
-0.467,0.545,-0.149
-0.481,0.554,-0.15
-0.505,0.579,-0.162
-0.531,0.603,-0.187
-0.531,0.603,-0.187
-0.555,0.642,-0.22
-0.565,0.677,-0.259
-0.576,0.719,-0.3
-0.575,0.755,-0.338
-0.575,0.755,-0.338
-0.564,0.783,-0.365
-0.542,0.811,-0.407
-0.511,0.832,-0.432
-0.482,0.849,-0.46
-0.482,0.849,-0.46
-0.449,0.869,-0.482
-0.414,0.867,-0.512
-0.363,0.865,-0.534
-0.298,0.846,-0.55
-0.298,0.846,-0.55
-0.226,0.815,-0.555
-0.15,0.763,-0.563
-0.088,0.699,-0.551
-0.045,0.627,-0.541
-0.045,0.627,-0.541
-0.024,0.564,-0.529
-0.018,0.49,-0.517
-0.022,0.422,-0.507
-0.048,0.363,-0.496
-0.048,0.363,-0.496
-0.077,0.317,-0.494
-0.118,0.274,-0.49
-0.164,0.247,-0.493
-0.207,0.234,-0.486
-0.207,0.234,-0.486
-0.259,0.227,-0.49
-0.294,0.233,-0.497
-0.328,0.245,-0.507
-0.351,0.261,-0.514
-0.351,0.261,-0.514
-0.362,0.283,-0.51
-0.381,0.296,-0.506
-0.389,0.311,-0.502
-0.402,0.319,-0.5
-0.402,0.319,-0.5
-0.416,0.331,-0.492
-0.421,0.343,-0.492
-0.424,0.346,-0.482
-0.43,0.354,-0.479
-0.43,0.354,-0.479
-0.436,0.356,-0.475
-0.437,0.362,-0.469
-0.44,0.365,-0.46
-0.452,0.371,-0.448
-0.452,0.371,-0.448
-0.464,0.375,-0.445
-0.47,0.381,-0.435
-0.478,0.394,-0.421
-0.482,0.408,-0.405
-0.482,0.408,-0.405
-0.487,0.43,-0.402
-0.49,0.458,-0.399
-0.489,0.479,-0.396
-0.487,0.508,-0.409
-0.487,0.508,-0.409
-0.491,0.531,-0.41
-0.493,0.551,-0.421
-0.492,0.573,-0.421
-0.493,0.591,-0.43
-0.493,0.591,-0.43
-0.492,0.61,-0.443
-0.49,0.621,-0.442
-0.49,0.633,-0.451
-0.498,0.643,-0.459
-0.498,0.643,-0.459
-0.507,0.648,-0.464
-0.509,0.657,-0.472
-0.519,0.657,-0.47
-0.532,0.655,-0.47
-0.532,0.655,-0.47
-0.54,0.656,-0.471
-0.557,0.653,-0.473
-0.567,0.649,-0.478
-0.58,0.648,-0.471
-0.58,0.648,-0.471
-0.594,0.642,-0.473
-0.6,0.632,-0.461
-0.611,0.629,-0.448
-0.626,0.628,-0.438
-0.626,0.628,-0.438
-0.631,0.628,-0.424
-0.636,0.623,-0.413
-0.644,0.617,-0.405
-0.648,0.617,-0.392
-0.648,0.617,-0.392
-0.654,0.609,-0.383
-0.654,0.606,-0.388
-0.653,0.607,-0.382
-0.648,0.604,-0.385
-0.648,0.604,-0.385
-0.654,0.6,-0.377
-0.651,0.599,-0.372
-0.647,0.591,-0.373
-0.647,0.586,-0.375
-0.647,0.586,-0.375
-0.648,0.579,-0.38
-0.638,0.573,-0.387
-0.64,0.568,-0.393
-0.641,0.559,-0.405
-0.641,0.559,-0.405
-0.637,0.552,-0.41
-0.638,0.546,-0.422
-0.639,0.542,-0.424
-0.632,0.536,-0.437
-0.632,0.536,-0.437
-0.63,0.533,-0.444
-0.631,0.527,-0.443
-0.63,0.53,-0.434
-0.631,0.535,-0.431
-0.631,0.535,-0.431
-0.631,0.54,-0.426
-0.636,0.551,-0.428
-0.639,0.57,-0.412
-0.64,0.583,-0.392
-0.64,0.583,-0.392
-0.643,0.603,-0.375
-0.641,0.618,-0.353
-0.638,0.645,-0.344
-0.639,0.68,-0.327
-0.639,0.68,-0.327
-0.62,0.719,-0.312
-0.597,0.756,-0.301
-0.571,0.791,-0.288
-0.536,0.829,-0.276
-0.536,0.829,-0.276
-0.5,0.858,-0.272
-0.458,0.883,-0.266
-0.408,0.912,-0.259
-0.359,0.932,-0.259
-0.359,0.932,-0.259
-0.299,0.952,-0.263
-0.24,0.97,-0.272
-0.179,0.984,-0.292
-0.111,0.979,-0.312
-0.111,0.979,-0.312
-0.05,0.974,-0.339
0.014,0.951,-0.383
0.069,0.91,-0.425
0.099,0.88,-0.451
0.099,0.88,-0.451
0.102,0.86,-0.477
0.089,0.837,-0.517
0.083,0.801,-0.569
0.069,0.757,-0.599
0.069,0.757,-0.599
0.062,0.724,-0.639
0.04,0.681,-0.663
0.016,0.654,-0.689
-0.005,0.637,-0.706
-0.005,0.637,-0.706
-0.033,0.62,-0.724
-0.059,0.609,-0.725
-0.078,0.593,-0.734
-0.102,0.59,-0.722
-0.102,0.59,-0.722
-0.119,0.586,-0.729
-0.145,0.584,-0.732
-0.164,0.576,-0.723
-0.183,0.58,-0.726
-0.183,0.58,-0.726
-0.204,0.58,-0.724
-0.224,0.579,-0.723
-0.238,0.577,-0.72
-0.259,0.576,-0.711
-0.259,0.576,-0.711
-0.28,0.574,-0.714
-0.295,0.575,-0.705
-0.312,0.57,-0.706
-0.324,0.566,-0.704
-0.324,0.566,-0.704
-0.334,0.564,-0.697
-0.34,0.567,-0.697
-0.355,0.563,-0.695
-0.362,0.565,-0.694
-0.362,0.565,-0.694
-0.372,0.562,-0.686
-0.376,0.561,-0.691
-0.38,0.563,-0.688
-0.388,0.562,-0.689
-0.388,0.562,-0.689
-0.389,0.562,-0.684
-0.396,0.562,-0.692
-0.4,0.564,-0.686
-0.398,0.57,-0.697
-0.398,0.57,-0.697
-0.405,0.57,-0.703
-0.411,0.567,-0.708
-0.407,0.562,-0.717
-0.408,0.556,-0.726
-0.408,0.556,-0.726
-0.411,0.562,-0.74
-0.4,0.557,-0.747
-0.401,0.556,-0.765
-0.39,0.558,-0.779
-0.39,0.558,-0.779
-0.384,0.559,-0.783
-0.376,0.557,-0.796
-0.371,0.555,-0.81
-0.368,0.55,-0.84
-0.368,0.55,-0.84
-0.358,0.547,-0.848
-0.346,0.531,-0.866
-0.338,0.524,-0.873
-0.321,0.509,-0.893
-0.321,0.509,-0.893
-0.294,0.496,-0.907
-0.263,0.485,-0.919
-0.221,0.474,-0.924
-0.184,0.464,-0.93
-0.184,0.464,-0.93
-0.139,0.454,-0.921
-0.098,0.442,-0.912
-0.06,0.437,-0.897
-0.026,0.45,-0.884
-0.026,0.45,-0.884
0.006,0.453,-0.863
0.031,0.455,-0.851
0.061,0.447,-0.832
0.095,0.442,-0.815
0.095,0.442,-0.815
0.12,0.434,-0.789
0.141,0.422,-0.773
0.163,0.411,-0.756
0.183,0.394,-0.731
0.183,0.394,-0.731
0.205,0.376,-0.705
0.221,0.361,-0.683
0.234,0.342,-0.658
0.246,0.325,-0.636
0.246,0.325,-0.636
0.248,0.299,-0.613
0.258,0.266,-0.589
0.253,0.245,-0.566
0.254,0.222,-0.545
0.254,0.222,-0.545
0.248,0.206,-0.525
0.243,0.179,-0.499
0.239,0.155,-0.473
0.227,0.13,-0.435
0.227,0.13,-0.435
0.209,0.099,-0.406
0.19,0.06,-0.381
0.158,0.017,-0.346
0.123,-0.03,-0.333
0.123,-0.03,-0.333
0.079,-0.084,-0.334
0.031,-0.134,-0.342
-0.016,-0.178,-0.36
-0.063,-0.206,-0.396
-0.063,-0.206,-0.396
-0.113,-0.223,-0.432
-0.163,-0.23,-0.461
-0.221,-0.232,-0.478
-0.281,-0.214,-0.49
-0.281,-0.214,-0.49
-0.34,-0.189,-0.506
-0.39,-0.165,-0.52
-0.433,-0.128,-0.536
-0.471,-0.092,-0.553
-0.471,-0.092,-0.553
-0.493,-0.06,-0.567
-0.511,-0.028,-0.587
-0.512,0.007,-0.605
-0.512,0.037,-0.625
-0.512,0.037,-0.625
-0.512,0.065,-0.654
-0.503,0.087,-0.669
-0.489,0.118,-0.697
-0.475,0.151,-0.718
-0.475,0.151,-0.718
-0.456,0.196,-0.737
-0.43,0.236,-0.747
-0.399,0.271,-0.751
-0.372,0.31,-0.756
-0.372,0.31,-0.756
-0.337,0.356,-0.744
-0.315,0.389,-0.728
-0.282,0.417,-0.711
-0.26,0.448,-0.697
-0.26,0.448,-0.697
-0.242,0.47,-0.687
-0.228,0.493,-0.677
-0.211,0.518,-0.664
-0.192,0.547,-0.647
-0.192,0.547,-0.647
-0.179,0.571,-0.633
-0.166,0.592,-0.607
-0.15,0.616,-0.583
-0.135,0.638,-0.575
-0.135,0.638,-0.575
-0.124,0.661,-0.55
-0.115,0.672,-0.53
-0.111,0.692,-0.508
-0.107,0.702,-0.475
-0.107,0.702,-0.475
-0.107,0.712,-0.455
-0.106,0.716,-0.434
-0.104,0.717,-0.424
-0.095,0.715,-0.404
-0.095,0.715,-0.404
-0.099,0.716,-0.388
-0.107,0.713,-0.373
-0.128,0.718,-0.351
-0.149,0.717,-0.331
-0.149,0.717,-0.331
-0.163,0.719,-0.317
-0.179,0.711,-0.307
-0.187,0.7,-0.304
-0.195,0.686,-0.302
-0.195,0.686,-0.302
-0.197,0.678,-0.302
-0.201,0.67,-0.299
-0.205,0.659,-0.304
-0.21,0.646,-0.297
-0.21,0.646,-0.297
-0.218,0.64,-0.302
-0.221,0.625,-0.308
-0.224,0.609,-0.305
-0.227,0.595,-0.308
-0.227,0.595,-0.308
-0.222,0.575,-0.311
-0.222,0.562,-0.31
-0.219,0.542,-0.319
-0.216,0.529,-0.325
-0.216,0.529,-0.325
-0.215,0.502,-0.324
-0.209,0.478,-0.333
-0.203,0.449,-0.342
-0.204,0.425,-0.344
-0.204,0.425,-0.344
-0.203,0.4,-0.357
-0.202,0.371,-0.369
-0.204,0.354,-0.381
-0.202,0.337,-0.4
-0.202,0.337,-0.4
-0.201,0.323,-0.417
-0.208,0.313,-0.43
-0.211,0.302,-0.45
-0.22,0.294,-0.462
-0.22,0.294,-0.462
-0.223,0.289,-0.475
-0.233,0.288,-0.485
-0.244,0.28,-0.498
-0.249,0.281,-0.507
-0.249,0.281,-0.507
-0.256,0.276,-0.522
-0.262,0.276,-0.532
-0.27,0.28,-0.539
-0.278,0.288,-0.544
-0.278,0.288,-0.544
-0.28,0.291,-0.55
-0.285,0.288,-0.552
-0.287,0.285,-0.555
-0.296,0.283,-0.57
-0.296,0.283,-0.57
-0.307,0.279,-0.568
-0.316,0.282,-0.578
-0.324,0.283,-0.589
-0.334,0.289,-0.585
-0.334,0.289,-0.585
-0.346,0.29,-0.599
-0.364,0.288,-0.593
-0.384,0.292,-0.598
-0.404,0.292,-0.592
-0.404,0.292,-0.592
-0.424,0.299,-0.596
-0.454,0.302,-0.59
-0.475,0.308,-0.577
-0.497,0.312,-0.573
-0.497,0.312,-0.573
-0.522,0.321,-0.568
-0.544,0.33,-0.561
-0.564,0.347,-0.555
-0.577,0.369,-0.55
-0.577,0.369,-0.55
-0.589,0.388,-0.552
-0.594,0.404,-0.56
-0.606,0.423,-0.568
-0.605,0.442,-0.571
-0.605,0.442,-0.571
-0.61,0.47,-0.566
-0.613,0.495,-0.57
-0.613,0.519,-0.572
-0.612,0.542,-0.573
-0.612,0.542,-0.573
-0.599,0.561,-0.577
-0.587,0.586,-0.576
-0.577,0.606,-0.578
-0.562,0.627,-0.583
-0.562,0.627,-0.583
-0.547,0.646,-0.58
-0.532,0.662,-0.584
-0.516,0.677,-0.584
-0.503,0.691,-0.581
-0.503,0.691,-0.581
-0.487,0.702,-0.584
-0.469,0.716,-0.587
-0.447,0.735,-0.581
-0.425,0.747,-0.572
-0.425,0.747,-0.572
-0.396,0.763,-0.558
-0.371,0.771,-0.549
-0.341,0.78,-0.524
-0.314,0.782,-0.506
-0.314,0.782,-0.506
-0.298,0.793,-0.49
-0.275,0.788,-0.47
-0.255,0.79,-0.445
-0.24,0.787,-0.424
-0.24,0.787,-0.424
-0.227,0.784,-0.402
-0.222,0.771,-0.375
-0.221,0.771,-0.357
-0.223,0.766,-0.338
-0.223,0.766,-0.338
-0.232,0.758,-0.314
-0.243,0.75,-0.296
-0.26,0.742,-0.27
-0.287,0.73,-0.248
-0.287,0.73,-0.248
-0.31,0.722,-0.234
-0.335,0.714,-0.225
-0.361,0.696,-0.214
-0.379,0.683,-0.205
-0.379,0.683,-0.205
-0.391,0.677,-0.2
-0.396,0.667,-0.199
-0.398,0.657,-0.186
-0.406,0.638,-0.187
-0.406,0.638,-0.187
-0.413,0.627,-0.18
-0.419,0.613,-0.171
-0.428,0.598,-0.171
-0.437,0.582,-0.167
-0.437,0.582,-0.167
-0.45,0.57,-0.168
-0.461,0.552,-0.164
-0.463,0.54,-0.159
-0.469,0.529,-0.16
-0.469,0.529,-0.16
-0.468,0.516,-0.154
-0.463,0.514,-0.152
-0.461,0.509,-0.141
-0.458,0.502,-0.141
-0.458,0.502,-0.146
-0.459,0.496,-0.146
-0.469,0.487,-0.143
-0.486,0.475,-0.14
-0.505,0.457,-0.147
-0.505,0.457,-0.147
-0.523,0.435,-0.147
-0.54,0.419,-0.155
-0.551,0.401,-0.158
-0.561,0.386,-0.163
-0.561,0.386,-0.159
-0.575,0.372,-0.159
-0.594,0.366,-0.177
-0.609,0.358,-0.18
-0.626,0.358,-0.185
-0.626,0.358,-0.2
-0.638,0.357,-0.2
-0.65,0.35,-0.221
-0.661,0.347,-0.235
-0.673,0.34,-0.261
-0.673,0.34,-0.284
-0.689,0.341,-0.284
-0.702,0.341,-0.312
-0.71,0.345,-0.346
-0.718,0.354,-0.384
-0.718,0.354,-0.424
-0.723,0.364,-0.424
-0.727,0.372,-0.459
-0.72,0.383,-0.484
-0.707,0.395,-0.517
-0.707,0.395,-0.548
-0.692,0.405,-0.548
-0.674,0.412,-0.583
-0.648,0.422,-0.608
-0.625,0.426,-0.638
-0.625,0.426,-0.668
-0.591,0.432,-0.668
-0.558,0.433,-0.686
-0.521,0.433,-0.707
-0.487,0.442,-0.714
-0.487,0.442,-0.722
-0.448,0.442,-0.722
-0.422,0.439,-0.719
-0.395,0.437,-0.722
-0.377,0.437,-0.721
-0.377,0.437,-0.719
-0.359,0.438,-0.719
-0.354,0.439,-0.714
-0.351,0.437,-0.713
-0.343,0.437,-0.716
-0.343,0.437,-0.719
-0.335,0.437,-0.719
-0.322,0.434,-0.719
-0.31,0.429,-0.714
-0.303,0.422,-0.715
-0.303,0.422,-0.714
-0.293,0.415,-0.714
-0.283,0.406,-0.715
-0.261,0.396,-0.711
-0.24,0.383,-0.702
-0.24,0.383,-0.69
-0.208,0.38,-0.69
-0.183,0.378,-0.68
-0.153,0.378,-0.663
-0.135,0.374,-0.648
-0.135,0.374,-0.635
-0.129,0.366,-0.635
-0.118,0.363,-0.622
-0.105,0.359,-0.611
-0.098,0.354,-0.593
-0.098,0.356,-0.58
-0.09,0.356,-0.58
-0.086,0.353,-0.569
-0.084,0.353,-0.561
-0.084,0.359,-0.544
-0.084,0.365,-0.528
-0.086,0.365,-0.528
-0.093,0.374,-0.522
-0.096,0.383,-0.502
-0.104,0.395,-0.495
-0.104,0.409,-0.478
-0.117,0.409,-0.478
-0.131,0.421,-0.469
-0.151,0.434,-0.445
-0.178,0.448,-0.445
-0.178,0.454,-0.43
-0.212,0.454,-0.43
-0.251,0.457,-0.435
-0.289,0.451,-0.44
-0.326,0.438,-0.451
-0.326,0.416,-0.466
-0.351,0.416,-0.466
-0.376,0.394,-0.492
-0.388,0.375,-0.512
-0.399,0.351,-0.52
-0.399,0.324,-0.536
-0.406,0.324,-0.536
-0.403,0.295,-0.555
-0.405,0.262,-0.568
-0.4,0.231,-0.575
-0.4,0.2,-0.583
-0.388,0.2,-0.583
-0.371,0.171,-0.588
-0.348,0.152,-0.588
-0.319,0.134,-0.592
-0.319,0.117,-0.595
-0.29,0.117,-0.595
-0.26,0.104,-0.593
-0.227,0.101,-0.587
-0.197,0.102,-0.593
-0.197,0.107,-0.598
-0.17,0.107,-0.598
-0.144,0.113,-0.614
-0.125,0.134,-0.636
-0.11,0.143,-0.657
-0.11,0.161,-0.676
-0.103,0.161,-0.676
-0.099,0.171,-0.688
-0.097,0.179,-0.69
-0.098,0.177,-0.703
-0.098,0.176,-0.707
-0.091,0.176,-0.707
-0.081,0.184,-0.707
-0.069,0.19,-0.71
-0.048,0.202,-0.703
-0.048,0.219,-0.693
-0.016,0.219,-0.693
0.003,0.223,-0.684
0.008,0.228,-0.683
0.012,0.239,-0.685
0.012,0.246,-0.69
0.018,0.246,-0.69
0.02,0.26,-0.693
0.023,0.267,-0.694
0.026,0.28,-0.693
0.027,0.289,-0.696
0.027,0.289,-0.696
0.029,0.305,-0.699
0.029,0.314,-0.699
0.033,0.325,-0.698
0.032,0.336,-0.702
0.032,0.336,-0.702
0.021,0.346,-0.701
0.023,0.358,-0.7
0.015,0.365,-0.708
0.006,0.377,-0.707
0.006,0.377,-0.707
0.002,0.39,-0.712
-0.004,0.404,-0.699
0.003,0.428,-0.694
0.006,0.446,-0.682
0.006,0.446,-0.682
0.013,0.469,-0.656
0.026,0.481,-0.644
0.028,0.497,-0.626
0.03,0.504,-0.604
0.03,0.504,-0.604
0.026,0.517,-0.592
0.021,0.534,-0.592
0.013,0.547,-0.579
0.008,0.559,-0.584
0.008,0.559,-0.584
0.003,0.567,-0.585
-0.006,0.577,-0.591
-0.013,0.58,-0.583
-0.01,0.588,-0.571
-0.01,0.588,-0.571
-0.013,0.586,-0.554
-0.008,0.586,-0.535
-0.002,0.579,-0.523
0.011,0.568,-0.491
0.011,0.568,-0.491
0.018,0.547,-0.46
0.024,0.517,-0.422
0.033,0.48,-0.404
0.031,0.469,-0.401
0.031,0.469,-0.401
0.027,0.477,-0.399
0.017,0.486,-0.398
0.004,0.507,-0.404
0.0,0.527,-0.412
0.0,0.527,-0.412
-0.009,0.544,-0.416
-0.012,0.563,-0.414
-0.018,0.572,-0.417
-0.018,0.582,-0.419
-0.018,0.582,-0.419
-0.018,0.593,-0.422
-0.015,0.615,-0.42
-0.023,0.636,-0.431
-0.042,0.67,-0.43
-0.042,0.67,-0.43
-0.064,0.709,-0.434
-0.096,0.753,-0.444
-0.144,0.783,-0.461
-0.193,0.815,-0.478
-0.193,0.815,-0.478
-0.247,0.841,-0.503
-0.296,0.849,-0.523
-0.357,0.859,-0.556
-0.418,0.857,-0.587
-0.418,0.857,-0.587
-0.469,0.835,-0.624
-0.524,0.802,-0.651
-0.572,0.754,-0.685
-0.605,0.691,-0.715
-0.605,0.691,-0.715
-0.632,0.62,-0.734
-0.652,0.543,-0.729
-0.665,0.457,-0.72
-0.663,0.368,-0.697
-0.663,0.368,-0.697
-0.646,0.277,-0.678
-0.608,0.199,-0.66
-0.556,0.139,-0.641
-0.489,0.097,-0.638
-0.489,0.097,-0.638
-0.41,0.074,-0.632
-0.334,0.067,-0.634
-0.258,0.069,-0.642
-0.192,0.087,-0.659
-0.192,0.087,-0.659
-0.136,0.111,-0.685
-0.082,0.14,-0.703
-0.034,0.166,-0.722
0.006,0.184,-0.737
0.006,0.184,-0.737
0.041,0.198,-0.748
0.064,0.211,-0.762
0.078,0.232,-0.778
0.093,0.26,-0.794
0.093,0.26,-0.794
0.097,0.285,-0.815
0.093,0.31,-0.836
0.087,0.335,-0.846
0.072,0.354,-0.862
0.072,0.354,-0.862
0.07,0.371,-0.869
0.065,0.373,-0.883
0.068,0.365,-0.89
0.071,0.348,-0.892
0.071,0.348,-0.892
0.083,0.339,-0.893
0.095,0.319,-0.886
0.105,0.327,-0.885
0.106,0.334,-0.892
0.106,0.334,-0.892
0.11,0.311,-0.909
0.111,0.266,-0.915
0.118,0.217,-0.924
0.151,0.165,-0.908
0.151,0.165,-0.908
0.195,0.102,-0.877
0.246,0.04,-0.831
0.298,-0.005,-0.769
0.348,-0.013,-0.69
0.348,-0.013,-0.69
0.39,0.009,-0.615
0.416,0.04,-0.538
0.412,0.085,-0.472
0.402,0.118,-0.43
0.402,0.118,-0.43
0.38,0.158,-0.399
0.35,0.203,-0.36
0.321,0.254,-0.338
0.275,0.304,-0.321
0.275,0.304,-0.321
0.237,0.351,-0.315
0.191,0.386,-0.321
0.155,0.419,-0.321
0.114,0.445,-0.322
0.114,0.445,-0.322
0.082,0.468,-0.332
0.056,0.486,-0.338
0.027,0.495,-0.341
0.005,0.507,-0.353
0.005,0.507,-0.353
-0.018,0.52,-0.36
-0.038,0.532,-0.358
-0.063,0.534,-0.355
-0.091,0.543,-0.357
-0.091,0.543,-0.357
-0.101,0.55,-0.36
-0.102,0.555,-0.362
-0.103,0.555,-0.366
-0.102,0.551,-0.37
-0.102,0.551,-0.37
-0.109,0.55,-0.369
-0.106,0.545,-0.355
-0.104,0.538,-0.347
-0.097,0.53,-0.349
-0.097,0.53,-0.349
-0.092,0.526,-0.348
-0.077,0.51,-0.349
-0.068,0.502,-0.357
-0.055,0.492,-0.365
-0.055,0.492,-0.365
-0.034,0.477,-0.379
-0.016,0.464,-0.393
0.007,0.451,-0.411
0.018,0.43,-0.425
0.018,0.43,-0.425
0.035,0.422,-0.43
0.047,0.41,-0.446
