mx,my,mz
-0.279,0.249,-0.341
-0.283,0.248,-0.34
-0.279,0.242,-0.343
-0.284,0.238,-0.355
-0.291,0.236,-0.357
-0.291,0.236,-0.357
-0.29,0.242,-0.362
-0.29,0.244,-0.372
-0.29,0.251,-0.376
-0.295,0.263,-0.377
-0.295,0.263,-0.377
-0.292,0.282,-0.38
-0.284,0.293,-0.377
-0.278,0.303,-0.379
-0.278,0.305,-0.38
-0.278,0.305,-0.38
-0.274,0.307,-0.374
-0.275,0.307,-0.378
-0.277,0.301,-0.373
-0.275,0.309,-0.37
-0.275,0.309,-0.37
-0.279,0.305,-0.368
-0.284,0.305,-0.354
-0.289,0.303,-0.355
-0.296,0.306,-0.345
-0.296,0.306,-0.345
-0.304,0.303,-0.339
-0.314,0.3,-0.331
-0.327,0.293,-0.325
-0.347,0.302,-0.321
-0.347,0.302,-0.321
-0.368,0.3,-0.315
-0.398,0.306,-0.317
-0.406,0.298,-0.315
-0.414,0.292,-0.313
-0.414,0.292,-0.313
-0.421,0.288,-0.324
-0.429,0.289,-0.315
-0.433,0.287,-0.32
-0.436,0.288,-0.321
-0.436,0.288,-0.321
-0.443,0.288,-0.322
-0.446,0.291,-0.325
-0.451,0.297,-0.326
-0.461,0.298,-0.326
-0.461,0.298,-0.326
-0.468,0.298,-0.332
-0.475,0.302,-0.329
-0.482,0.303,-0.343
-0.495,0.308,-0.355
-0.495,0.308,-0.355
-0.503,0.308,-0.368
-0.518,0.299,-0.376
-0.532,0.301,-0.391
-0.545,0.301,-0.41
-0.545,0.301,-0.41
-0.559,0.298,-0.427
-0.567,0.298,-0.449
-0.572,0.299,-0.476
-0.575,0.294,-0.517
-0.575,0.294,-0.517
-0.569,0.287,-0.539
-0.561,0.286,-0.561
-0.556,0.285,-0.574
-0.546,0.287,-0.59
-0.546,0.287,-0.59
-0.531,0.285,-0.608
-0.51,0.288,-0.629
-0.486,0.285,-0.642
-0.458,0.283,-0.655
-0.458,0.283,-0.655
-0.413,0.264,-0.658
-0.368,0.252,-0.655
-0.304,0.238,-0.643
-0.238,0.226,-0.61
-0.238,0.226,-0.61
-0.191,0.228,-0.566
-0.155,0.248,-0.505
-0.155,0.266,-0.451
-0.169,0.294,-0.406
-0.169,0.294,-0.406
-0.2,0.319,-0.369
-0.248,0.349,-0.343
-0.282,0.371,-0.33
-0.323,0.395,-0.334
-0.323,0.395,-0.334
-0.367,0.418,-0.336
-0.408,0.444,-0.338
-0.44,0.463,-0.354
-0.461,0.48,-0.364
-0.461,0.48,-0.364
-0.477,0.494,-0.382
-0.496,0.508,-0.39
-0.507,0.516,-0.398
-0.516,0.513,-0.395
-0.516,0.513,-0.395
-0.52,0.513,-0.39
-0.528,0.508,-0.39
-0.544,0.518,-0.392
-0.556,0.526,-0.394
-0.556,0.526,-0.394
-0.566,0.525,-0.38
-0.575,0.511,-0.375
-0.579,0.505,-0.364
-0.587,0.499,-0.357
-0.587,0.499,-0.357
-0.595,0.494,-0.354
-0.603,0.492,-0.356
-0.611,0.489,-0.348
-0.616,0.487,-0.348
-0.616,0.487,-0.348
-0.626,0.477,-0.345
-0.638,0.474,-0.342
-0.642,0.464,-0.336
-0.652,0.451,-0.331
-0.652,0.451,-0.331
-0.664,0.43,-0.325
-0.673,0.415,-0.326
-0.679,0.398,-0.325
-0.681,0.38,-0.32
-0.681,0.38,-0.32
-0.682,0.354,-0.329
-0.672,0.334,-0.336
-0.652,0.304,-0.348
-0.637,0.281,-0.364
-0.637,0.281,-0.364
-0.614,0.259,-0.389
-0.585,0.229,-0.413
-0.563,0.214,-0.442
-0.533,0.199,-0.464
-0.533,0.199,-0.464
-0.501,0.188,-0.493
-0.467,0.194,-0.522
-0.428,0.202,-0.54
-0.398,0.214,-0.557
-0.398,0.214,-0.557
-0.36,0.227,-0.579
-0.326,0.25,-0.599
-0.292,0.269,-0.622
-0.254,0.304,-0.634
-0.254,0.304,-0.634
-0.219,0.33,-0.649
-0.192,0.364,-0.662
-0.167,0.401,-0.678
-0.148,0.436,-0.69
-0.148,0.436,-0.69
-0.134,0.473,-0.7
-0.135,0.505,-0.706
-0.138,0.53,-0.729
-0.151,0.549,-0.737
-0.151,0.549,-0.737
-0.166,0.561,-0.757
-0.191,0.574,-0.772
-0.21,0.579,-0.777
-0.242,0.585,-0.796
-0.242,0.585,-0.796
-0.278,0.584,-0.804
-0.319,0.576,-0.816
-0.362,0.565,-0.819
-0.399,0.56,-0.82
-0.399,0.56,-0.82
-0.437,0.554,-0.818
-0.471,0.558,-0.81
-0.505,0.558,-0.806
-0.537,0.564,-0.793
-0.537,0.564,-0.793
-0.569,0.562,-0.778
-0.604,0.564,-0.756
-0.635,0.557,-0.723
-0.662,0.555,-0.702
-0.662,0.555,-0.702
-0.685,0.547,-0.671
-0.695,0.539,-0.634
-0.709,0.527,-0.602
-0.71,0.517,-0.559
-0.71,0.517,-0.559
-0.705,0.508,-0.52
-0.697,0.5,-0.478
-0.678,0.486,-0.438
-0.654,0.477,-0.403
-0.654,0.477,-0.403
-0.624,0.473,-0.369
-0.587,0.473,-0.35
-0.553,0.473,-0.326
-0.518,0.469,-0.302
-0.518,0.469,-0.302
-0.484,0.474,-0.285
-0.455,0.474,-0.28
-0.42,0.476,-0.266
-0.392,0.476,-0.266
-0.392,0.476,-0.266
-0.369,0.483,-0.26
-0.35,0.487,-0.261
-0.331,0.488,-0.258
-0.315,0.491,-0.262
-0.315,0.491,-0.262
-0.303,0.493,-0.258
-0.292,0.495,-0.251
-0.282,0.49,-0.249
-0.27,0.491,-0.255
-0.27,0.491,-0.255
-0.261,0.486,-0.254
-0.26,0.484,-0.245
-0.255,0.482,-0.244
-0.252,0.479,-0.246
-0.252,0.479,-0.246
-0.257,0.469,-0.233
-0.262,0.459,-0.233
-0.27,0.447,-0.223
-0.276,0.434,-0.217
-0.276,0.434,-0.217
-0.286,0.418,-0.212
-0.305,0.406,-0.215
-0.319,0.383,-0.219
-0.335,0.365,-0.214
-0.335,0.365,-0.214
-0.35,0.339,-0.214
-0.37,0.317,-0.222
-0.387,0.287,-0.229
-0.402,0.26,-0.248
-0.402,0.26,-0.248
-0.417,0.23,-0.264
-0.427,0.191,-0.29
-0.432,0.164,-0.317
-0.424,0.136,-0.343
-0.424,0.136,-0.343
-0.412,0.122,-0.376
-0.399,0.104,-0.407
-0.383,0.103,-0.432
-0.368,0.105,-0.459
-0.368,0.105,-0.459
-0.354,0.107,-0.481
-0.338,0.114,-0.501
-0.334,0.124,-0.514
-0.323,0.127,-0.538
-0.323,0.127,-0.538
-0.324,0.133,-0.551
-0.325,0.136,-0.574
-0.33,0.134,-0.59
-0.322,0.12,-0.625
-0.322,0.12,-0.625
-0.32,0.1,-0.651
-0.305,0.08,-0.681
-0.268,0.052,-0.718
-0.224,0.033,-0.753
-0.224,0.033,-0.753
-0.166,0.017,-0.77
-0.102,0.007,-0.793
-0.031,0.005,-0.799
0.049,0.011,-0.802
0.049,0.011,-0.802
0.118,0.046,-0.791
0.183,0.101,-0.769
0.236,0.175,-0.741
0.258,0.258,-0.709
0.258,0.258,-0.709
0.259,0.343,-0.672
0.236,0.416,-0.64
0.194,0.482,-0.608
0.138,0.531,-0.587
0.138,0.531,-0.587
0.076,0.564,-0.578
0.009,0.59,-0.59
-0.064,0.601,-0.599
-0.128,0.597,-0.615
-0.128,0.597,-0.615
-0.185,0.583,-0.638
-0.238,0.567,-0.655
-0.281,0.543,-0.673
-0.314,0.519,-0.685
-0.314,0.519,-0.685
-0.337,0.491,-0.7
-0.356,0.468,-0.715
-0.376,0.446,-0.73
-0.389,0.431,-0.747
-0.389,0.431,-0.747
-0.395,0.421,-0.769
-0.396,0.412,-0.783
-0.398,0.41,-0.803
-0.396,0.405,-0.829
-0.396,0.405,-0.829
-0.392,0.403,-0.85
-0.385,0.406,-0.861
-0.377,0.408,-0.879
-0.368,0.413,-0.897
-0.368,0.413,-0.897
-0.359,0.416,-0.901
-0.349,0.416,-0.914
-0.333,0.419,-0.92
-0.318,0.413,-0.927
-0.318,0.413,-0.927
-0.307,0.419,-0.93
-0.297,0.425,-0.937
-0.286,0.436,-0.947
-0.274,0.443,-0.945
-0.274,0.443,-0.945
-0.265,0.458,-0.962
-0.252,0.473,-0.961
-0.238,0.486,-0.971
-0.224,0.51,-0.972
-0.224,0.51,-0.972
-0.216,0.533,-0.971
-0.202,0.562,-0.976
-0.189,0.586,-0.98
-0.185,0.612,-0.984
-0.185,0.612,-0.984
-0.175,0.64,-0.986
-0.168,0.658,-0.975
-0.16,0.678,-0.966
-0.15,0.706,-0.961
-0.15,0.706,-0.961
-0.148,0.727,-0.961
-0.143,0.752,-0.952
-0.142,0.782,-0.927
-0.147,0.819,-0.91
-0.147,0.819,-0.91
-0.156,0.851,-0.897
-0.168,0.883,-0.871
-0.193,0.912,-0.862
-0.219,0.932,-0.854
-0.219,0.932,-0.854
-0.259,0.955,-0.838
-0.307,0.976,-0.817
-0.363,0.989,-0.801
-0.427,0.975,-0.781
-0.427,0.975,-0.781
-0.493,0.952,-0.753
-0.554,0.912,-0.732
-0.599,0.847,-0.706
-0.637,0.779,-0.671
-0.637,0.779,-0.671
-0.659,0.7,-0.649
-0.66,0.616,-0.616
-0.653,0.539,-0.588
-0.628,0.476,-0.574
-0.628,0.476,-0.574
-0.591,0.42,-0.556
-0.56,0.375,-0.541
-0.534,0.335,-0.52
-0.508,0.308,-0.509
-0.508,0.308,-0.509
-0.479,0.285,-0.492
-0.447,0.263,-0.475
-0.424,0.248,-0.464
-0.401,0.239,-0.451
-0.401,0.239,-0.451
-0.381,0.222,-0.445
-0.36,0.219,-0.443
-0.345,0.214,-0.431
-0.322,0.207,-0.429
-0.322,0.207,-0.429
-0.307,0.2,-0.417
-0.287,0.194,-0.41
-0.262,0.192,-0.401
-0.249,0.187,-0.399
-0.249,0.187,-0.399
-0.225,0.182,-0.394
-0.202,0.182,-0.394
-0.176,0.183,-0.39
-0.156,0.184,-0.389
-0.156,0.184,-0.389
-0.125,0.186,-0.389
-0.093,0.191,-0.391
-0.056,0.194,-0.398
-0.019,0.203,-0.407
-0.019,0.203,-0.407
0.025,0.221,-0.417
0.067,0.245,-0.43
0.104,0.277,-0.443
0.132,0.307,-0.451
0.132,0.307,-0.451
0.156,0.324,-0.464
0.187,0.336,-0.472
0.224,0.348,-0.495
0.256,0.347,-0.516
0.256,0.347,-0.516
0.291,0.344,-0.554
0.323,0.341,-0.594
0.345,0.333,-0.643
0.352,0.335,-0.695
0.352,0.335,-0.695
0.342,0.34,-0.742
0.328,0.352,-0.781
0.309,0.361,-0.802
0.282,0.375,-0.822
0.282,0.375,-0.822
0.259,0.382,-0.846
0.226,0.383,-0.862
0.194,0.385,-0.862
0.155,0.392,-0.863
0.155,0.392,-0.863
0.117,0.398,-0.866
0.076,0.416,-0.853
0.039,0.433,-0.848
0.006,0.447,-0.837
0.006,0.447,-0.837
-0.019,0.459,-0.82
-0.039,0.473,-0.809
-0.051,0.478,-0.795
-0.059,0.484,-0.782
-0.059,0.484,-0.782
-0.066,0.492,-0.778
-0.079,0.495,-0.777
-0.084,0.495,-0.788
-0.096,0.504,-0.805
-0.096,0.504,-0.805
-0.107,0.509,-0.816
-0.126,0.52,-0.84
-0.144,0.539,-0.86
-0.171,0.552,-0.89
-0.171,0.552,-0.89
-0.2,0.574,-0.908
-0.236,0.601,-0.934
-0.276,0.63,-0.937
-0.321,0.669,-0.949
-0.321,0.669,-0.949
-0.372,0.702,-0.952
-0.424,0.735,-0.946
-0.485,0.766,-0.932
-0.555,0.787,-0.902
-0.555,0.787,-0.902
-0.625,0.803,-0.869
-0.692,0.808,-0.816
-0.758,0.806,-0.748
-0.81,0.787,-0.666
-0.81,0.787,-0.666
-0.835,0.751,-0.594
-0.834,0.709,-0.514
-0.812,0.666,-0.452
-0.774,0.627,-0.392
-0.774,0.627,-0.392
-0.725,0.588,-0.349
-0.676,0.555,-0.319
-0.622,0.538,-0.29
-0.576,0.519,-0.269
-0.576,0.519,-0.269
-0.532,0.507,-0.259
-0.484,0.496,-0.254
-0.446,0.493,-0.254
-0.41,0.489,-0.254
-0.41,0.489,-0.254
-0.387,0.488,-0.249
-0.361,0.485,-0.25
-0.343,0.487,-0.253
-0.325,0.49,-0.249
-0.325,0.49,-0.249
-0.307,0.492,-0.254
-0.292,0.487,-0.25
-0.276,0.49,-0.253
-0.264,0.493,-0.256
-0.264,0.493,-0.256
-0.247,0.49,-0.258
-0.242,0.491,-0.259
-0.237,0.488,-0.257
-0.232,0.488,-0.263
-0.232,0.488,-0.263
-0.224,0.487,-0.256
-0.222,0.48,-0.255
-0.221,0.476,-0.249
-0.221,0.47,-0.247
-0.221,0.47,-0.247
-0.222,0.462,-0.244
-0.221,0.454,-0.238
-0.22,0.447,-0.234
-0.228,0.436,-0.226
-0.228,0.436,-0.226
-0.239,0.423,-0.224
-0.247,0.411,-0.223
-0.252,0.398,-0.219
-0.265,0.385,-0.218
-0.265,0.385,-0.218
-0.272,0.367,-0.211
-0.278,0.349,-0.22
-0.293,0.339,-0.223
-0.3,0.322,-0.232
-0.3,0.322,-0.232
-0.307,0.308,-0.238
-0.321,0.287,-0.248
-0.329,0.268,-0.255
-0.339,0.246,-0.265
-0.339,0.246,-0.265
-0.347,0.226,-0.278
-0.36,0.202,-0.297
-0.371,0.176,-0.324
-0.371,0.155,-0.346
-0.371,0.155,-0.346
-0.378,0.134,-0.368
-0.371,0.111,-0.391
-0.37,0.096,-0.423
-0.358,0.082,-0.462
-0.358,0.082,-0.462
-0.339,0.071,-0.483
-0.316,0.066,-0.5
-0.292,0.066,-0.523
-0.27,0.067,-0.535
-0.27,0.067,-0.535
-0.254,0.076,-0.533
-0.236,0.081,-0.538
-0.226,0.09,-0.542
-0.222,0.101,-0.542
-0.222,0.101,-0.542
-0.221,0.108,-0.542
-0.222,0.118,-0.544
-0.222,0.116,-0.546
-0.23,0.121,-0.552
-0.23,0.121,-0.552
-0.239,0.124,-0.548
-0.24,0.12,-0.555
-0.251,0.115,-0.568
-0.262,0.106,-0.572
-0.262,0.106,-0.572
-0.258,0.097,-0.582
-0.257,0.086,-0.581
-0.257,0.065,-0.596
-0.259,0.055,-0.608
-0.259,0.055,-0.608
-0.25,0.041,-0.614
-0.232,0.024,-0.629
-0.208,0.013,-0.638
-0.195,-0.004,-0.646
-0.195,-0.004,-0.646
-0.174,-0.02,-0.648
-0.162,-0.033,-0.643
-0.14,-0.044,-0.653
-0.117,-0.057,-0.655
-0.117,-0.057,-0.655
-0.093,-0.064,-0.662
-0.058,-0.074,-0.657
-0.016,-0.075,-0.662
0.031,-0.069,-0.66
0.031,-0.069,-0.66
0.079,-0.055,-0.654
0.117,-0.046,-0.645
0.154,-0.03,-0.627
0.186,-0.015,-0.614
0.186,-0.015,-0.614
0.217,0.003,-0.599
0.241,0.032,-0.575
0.268,0.06,-0.558
0.286,0.103,-0.518
0.286,0.103,-0.518
0.295,0.143,-0.48
0.295,0.197,-0.44
0.274,0.234,-0.414
0.255,0.28,-0.387
0.255,0.28,-0.387
0.23,0.318,-0.372
0.204,0.346,-0.357
0.173,0.369,-0.342
0.132,0.387,-0.339
0.132,0.387,-0.339
0.098,0.405,-0.339
0.067,0.418,-0.332
0.034,0.421,-0.337
-0.0,0.426,-0.345
-0.0,0.426,-0.345
-0.028,0.43,-0.345
-0.052,0.428,-0.353
-0.074,0.425,-0.36
-0.095,0.42,-0.365
-0.095,0.42,-0.365
-0.115,0.416,-0.372
-0.132,0.411,-0.385
-0.156,0.406,-0.394
-0.175,0.4,-0.41
-0.175,0.4,-0.41
-0.198,0.395,-0.436
-0.226,0.39,-0.463
-0.239,0.378,-0.48
-0.253,0.367,-0.513
-0.253,0.367,-0.513
-0.26,0.353,-0.54
-0.267,0.339,-0.554
-0.27,0.329,-0.577
-0.276,0.312,-0.599
-0.276,0.312,-0.599
-0.269,0.303,-0.618
-0.267,0.291,-0.634
-0.259,0.281,-0.657
-0.245,0.274,-0.683
-0.245,0.274,-0.683
-0.234,0.271,-0.704
-0.216,0.275,-0.726
-0.196,0.288,-0.743
-0.177,0.298,-0.764
-0.177,0.298,-0.764
-0.157,0.315,-0.771
-0.135,0.329,-0.786
-0.121,0.343,-0.793
-0.093,0.358,-0.797
-0.093,0.358,-0.797
-0.08,0.375,-0.799
-0.062,0.391,-0.791
-0.046,0.412,-0.793
-0.041,0.431,-0.791
-0.041,0.431,-0.791
-0.03,0.445,-0.783
-0.025,0.462,-0.781
-0.016,0.478,-0.777
-0.01,0.495,-0.762
-0.01,0.495,-0.762
-0.006,0.513,-0.755
0.002,0.527,-0.747
0.007,0.549,-0.742
0.011,0.571,-0.736
0.011,0.571,-0.736
0.01,0.588,-0.725
0.006,0.61,-0.711
0.004,0.63,-0.701
-0.004,0.651,-0.694
-0.004,0.651,-0.694
-0.019,0.676,-0.679
-0.033,0.703,-0.666
-0.05,0.725,-0.65
-0.077,0.748,-0.643
-0.077,0.748,-0.643
-0.107,0.769,-0.637
-0.143,0.783,-0.622
-0.184,0.788,-0.625
-0.226,0.789,-0.622
-0.226,0.789,-0.622
-0.265,0.777,-0.629
-0.302,0.766,-0.628
-0.339,0.744,-0.645
-0.369,0.722,-0.651
-0.369,0.722,-0.651
-0.394,0.688,-0.659
-0.413,0.651,-0.668
-0.425,0.61,-0.673
-0.43,0.568,-0.681
-0.43,0.568,-0.681
-0.431,0.528,-0.684
-0.429,0.489,-0.686
-0.423,0.452,-0.688
-0.407,0.417,-0.686
-0.407,0.417,-0.686
-0.401,0.388,-0.674
-0.392,0.362,-0.67
-0.378,0.337,-0.662
-0.369,0.305,-0.655
-0.369,0.305,-0.655
-0.356,0.279,-0.645
-0.349,0.258,-0.63
-0.339,0.239,-0.625
-0.336,0.22,-0.609
-0.336,0.22,-0.609
-0.33,0.2,-0.605
-0.318,0.18,-0.597
-0.306,0.16,-0.583
-0.302,0.145,-0.575
-0.302,0.145,-0.575
-0.295,0.118,-0.561
-0.287,0.102,-0.553
-0.279,0.084,-0.555
-0.273,0.062,-0.552
-0.273,0.062,-0.552
-0.259,0.039,-0.552
-0.248,0.012,-0.547
-0.232,-0.01,-0.545
-0.213,-0.027,-0.539
-0.213,-0.027,-0.539
-0.198,-0.051,-0.535
-0.178,-0.071,-0.533
-0.154,-0.097,-0.536
-0.118,-0.12,-0.541
-0.118,-0.12,-0.541
-0.08,-0.144,-0.545
-0.038,-0.164,-0.541
0.011,-0.172,-0.544
0.056,-0.181,-0.539
0.056,-0.181,-0.539
0.112,-0.183,-0.529
0.16,-0.179,-0.513
0.216,-0.166,-0.511
0.266,-0.137,-0.504
0.266,-0.137,-0.504
0.316,-0.101,-0.504
0.361,-0.047,-0.494
0.388,0.026,-0.49
0.408,0.085,-0.483
0.408,0.085,-0.483
0.412,0.144,-0.467
0.406,0.194,-0.465
0.396,0.239,-0.454
0.379,0.266,-0.448
0.379,0.266,-0.448
0.354,0.31,-0.452
0.329,0.339,-0.448
0.297,0.375,-0.443
0.256,0.399,-0.439
0.256,0.399,-0.439
0.221,0.426,-0.432
0.191,0.438,-0.422
0.164,0.452,-0.416
0.137,0.464,-0.411
0.137,0.464,-0.411
0.108,0.47,-0.398
0.085,0.471,-0.394
0.058,0.476,-0.389
0.033,0.475,-0.382
0.033,0.475,-0.382
0.008,0.475,-0.375
-0.012,0.471,-0.376
-0.033,0.469,-0.365
-0.053,0.466,-0.365
-0.053,0.466,-0.365
-0.074,0.466,-0.363
-0.091,0.455,-0.353
-0.105,0.45,-0.349
-0.121,0.438,-0.347
-0.121,0.438,-0.347
-0.13,0.432,-0.34
-0.149,0.419,-0.33
-0.15,0.408,-0.318
-0.158,0.403,-0.316
-0.158,0.403,-0.316
-0.165,0.397,-0.301
-0.166,0.386,-0.291
-0.172,0.385,-0.285
-0.175,0.378,-0.279
-0.175,0.378,-0.279
-0.173,0.375,-0.261
-0.175,0.376,-0.253
-0.169,0.377,-0.235
-0.166,0.384,-0.22
-0.166,0.384,-0.22
-0.157,0.392,-0.198
-0.152,0.404,-0.176
-0.144,0.414,-0.157
-0.142,0.43,-0.139
-0.142,0.43,-0.139
-0.137,0.446,-0.12
-0.137,0.47,-0.101
-0.131,0.494,-0.09
-0.123,0.531,-0.074
-0.123,0.531,-0.074
-0.123,0.576,-0.062
-0.125,0.626,-0.047
-0.133,0.683,-0.044
-0.145,0.738,-0.048
-0.145,0.738,-0.048
-0.164,0.8,-0.056
-0.186,0.845,-0.063
-0.212,0.882,-0.074
-0.244,0.916,-0.089
-0.244,0.916,-0.089
-0.279,0.938,-0.102
-0.306,0.953,-0.11
-0.336,0.971,-0.133
-0.366,0.983,-0.15
-0.366,0.983,-0.15
-0.391,1.001,-0.175
-0.427,1.012,-0.202
-0.474,1.015,-0.24
-0.512,1.01,-0.275
-0.512,1.01,-0.275
-0.541,0.995,-0.317
-0.573,0.978,-0.345
-0.593,0.951,-0.359
-0.614,0.922,-0.372
-0.614,0.922,-0.372
-0.628,0.9,-0.38
-0.639,0.868,-0.386
-0.644,0.847,-0.379
-0.646,0.825,-0.385
-0.646,0.825,-0.385
-0.646,0.802,-0.381
-0.642,0.779,-0.382
-0.643,0.756,-0.384
-0.642,0.734,-0.382
-0.642,0.734,-0.382
-0.637,0.71,-0.377
-0.631,0.689,-0.372
-0.623,0.67,-0.368
-0.612,0.656,-0.359
-0.612,0.656,-0.359
-0.599,0.646,-0.346
-0.589,0.627,-0.338
-0.576,0.615,-0.335
-0.567,0.608,-0.331
-0.567,0.608,-0.331
-0.557,0.598,-0.325
-0.542,0.584,-0.325
-0.532,0.573,-0.322
-0.511,0.566,-0.306
-0.511,0.566,-0.306
-0.497,0.562,-0.299
-0.479,0.557,-0.297
-0.453,0.554,-0.291
-0.436,0.551,-0.292
-0.436,0.551,-0.292
-0.417,0.555,-0.291
-0.402,0.557,-0.289
-0.384,0.558,-0.29
-0.364,0.566,-0.299
-0.364,0.566,-0.299
-0.344,0.577,-0.302
-0.331,0.581,-0.302
-0.316,0.594,-0.305
-0.309,0.603,-0.303
-0.309,0.603,-0.303
-0.313,0.606,-0.299
-0.319,0.607,-0.296
-0.33,0.614,-0.307
-0.34,0.618,-0.298
-0.34,0.618,-0.298
-0.353,0.619,-0.295
-0.368,0.62,-0.295
-0.377,0.62,-0.286
-0.386,0.625,-0.281
-0.386,0.625,-0.281
-0.391,0.625,-0.272
-0.398,0.625,-0.269
-0.404,0.627,-0.259
-0.419,0.62,-0.255
-0.419,0.62,-0.255
-0.431,0.613,-0.253
-0.45,0.608,-0.245
-0.46,0.598,-0.237
-0.483,0.589,-0.231
-0.483,0.589,-0.231
-0.498,0.584,-0.227
-0.514,0.574,-0.223
-0.537,0.569,-0.227
-0.563,0.557,-0.229
-0.563,0.557,-0.229
-0.593,0.534,-0.229
-0.634,0.515,-0.235
-0.666,0.48,-0.224
-0.691,0.452,-0.224
-0.691,0.452,-0.224
-0.714,0.411,-0.22
-0.731,0.369,-0.207
-0.741,0.323,-0.201
-0.755,0.275,-0.207
-0.755,0.275,-0.207
-0.768,0.212,-0.214
-0.778,0.142,-0.228
-0.783,0.068,-0.253
-0.782,-0.018,-0.279
-0.782,-0.018,-0.279
-0.772,-0.106,-0.307
-0.749,-0.2,-0.345
-0.699,-0.288,-0.395
-0.643,-0.365,-0.45
-0.643,-0.365,-0.45
-0.572,-0.422,-0.503
-0.493,-0.457,-0.562
-0.411,-0.469,-0.617
-0.338,-0.468,-0.667
-0.338,-0.468,-0.667
-0.259,-0.449,-0.713
-0.195,-0.428,-0.76
-0.123,-0.403,-0.801
-0.048,-0.374,-0.843
-0.048,-0.374,-0.843
0.036,-0.336,-0.877
0.129,-0.29,-0.907
0.229,-0.24,-0.918
0.334,-0.161,-0.91
0.334,-0.161,-0.91
0.447,-0.062,-0.881
0.524,0.045,-0.823
0.573,0.16,-0.755
0.592,0.26,-0.662
0.592,0.26,-0.662
0.573,0.362,-0.564
0.512,0.461,-0.506
0.442,0.546,-0.468
0.387,0.593,-0.471
0.387,0.593,-0.471
0.341,0.623,-0.481
0.31,0.649,-0.485
0.277,0.671,-0.504
0.242,0.694,-0.506
0.242,0.694,-0.506
0.203,0.713,-0.507
0.16,0.731,-0.514
0.115,0.748,-0.516
0.066,0.756,-0.534
0.066,0.756,-0.534
0.028,0.76,-0.543
-0.006,0.749,-0.549
-0.033,0.735,-0.554
-0.059,0.716,-0.565
-0.059,0.716,-0.565
-0.087,0.699,-0.572
-0.113,0.674,-0.587
-0.134,0.652,-0.598
-0.15,0.628,-0.616
-0.15,0.628,-0.616
-0.164,0.61,-0.622
-0.166,0.593,-0.639
-0.175,0.577,-0.649
-0.178,0.559,-0.662
-0.178,0.559,-0.662
-0.185,0.544,-0.679
-0.187,0.517,-0.697
-0.186,0.504,-0.714
-0.182,0.486,-0.73
-0.182,0.486,-0.73
-0.18,0.477,-0.746
-0.167,0.469,-0.753
-0.157,0.465,-0.768
-0.137,0.465,-0.776
-0.137,0.465,-0.776
-0.122,0.463,-0.788
-0.103,0.469,-0.795
-0.084,0.474,-0.81
-0.074,0.484,-0.821
-0.074,0.484,-0.821
-0.065,0.5,-0.833
-0.044,0.517,-0.84
-0.03,0.541,-0.838
-0.016,0.564,-0.839
-0.016,0.564,-0.839
0.004,0.586,-0.842
0.026,0.607,-0.833
0.039,0.636,-0.837
0.05,0.66,-0.825
0.05,0.66,-0.825
0.062,0.683,-0.821
0.069,0.697,-0.814
0.077,0.719,-0.806
0.08,0.737,-0.799
0.08,0.737,-0.799
0.079,0.761,-0.797
0.073,0.774,-0.807
0.076,0.787,-0.801
0.067,0.803,-0.794
0.067,0.803,-0.794
0.059,0.822,-0.798
0.043,0.849,-0.781
0.016,0.874,-0.771
-0.014,0.905,-0.758
-0.014,0.905,-0.758
-0.064,0.923,-0.756
-0.108,0.928,-0.752
-0.16,0.913,-0.752
-0.209,0.884,-0.763
-0.209,0.884,-0.763
-0.237,0.838,-0.779
-0.261,0.794,-0.787
-0.303,0.748,-0.786
-0.341,0.705,-0.796
-0.341,0.705,-0.796
-0.38,0.648,-0.794
-0.41,0.58,-0.791
-0.431,0.513,-0.769
-0.433,0.448,-0.743
-0.433,0.448,-0.743
-0.426,0.388,-0.722
-0.413,0.338,-0.691
-0.408,0.291,-0.656
-0.4,0.264,-0.621
-0.4,0.264,-0.621
-0.389,0.242,-0.593
-0.379,0.225,-0.578
-0.374,0.209,-0.542
-0.367,0.199,-0.523
-0.367,0.199,-0.523
-0.365,0.188,-0.507
-0.362,0.176,-0.494
-0.36,0.174,-0.487
-0.36,0.175,-0.474
-0.36,0.175,-0.474
-0.362,0.17,-0.471
-0.357,0.165,-0.464
-0.351,0.164,-0.46
-0.358,0.163,-0.462
-0.358,0.163,-0.462
-0.361,0.161,-0.459
-0.364,0.158,-0.459
-0.365,0.155,-0.457
-0.366,0.149,-0.459
-0.366,0.149,-0.459
-0.372,0.142,-0.464
-0.379,0.133,-0.47
-0.392,0.118,-0.474
-0.401,0.104,-0.493
-0.401,0.104,-0.493
-0.41,0.089,-0.502
-0.413,0.073,-0.518
-0.424,0.06,-0.533
-0.426,0.043,-0.539
-0.426,0.043,-0.539
-0.432,0.031,-0.566
-0.434,0.012,-0.59
-0.426,-0.009,-0.625
-0.416,-0.02,-0.675
-0.416,-0.02,-0.675
-0.404,-0.039,-0.726
-0.38,-0.042,-0.779
-0.348,-0.038,-0.83
-0.31,-0.024,-0.883
-0.31,-0.024,-0.883
-0.259,-0.009,-0.934
-0.202,0.02,-0.976
-0.143,0.038,-1.008
-0.088,0.055,-1.033
-0.088,0.055,-1.033
-0.042,0.081,-1.061
0.01,0.114,-1.087
0.06,0.161,-1.111
0.116,0.212,-1.132
0.116,0.212,-1.132
0.175,0.274,-1.149
0.228,0.331,-1.17
0.284,0.377,-1.186
0.322,0.406,-1.206
0.322,0.406,-1.206
0.353,0.424,-1.219
0.397,0.434,-1.228
0.438,0.445,-1.221
0.474,0.452,-1.224
0.474,0.452,-1.224
0.504,0.459,-1.203
0.521,0.461,-1.178
0.538,0.46,-1.133
0.543,0.456,-1.066
0.543,0.456,-1.066
0.535,0.457,-0.997
0.523,0.451,-0.94
0.503,0.457,-0.878
0.47,0.46,-0.84
0.47,0.46,-0.84
0.432,0.473,-0.799
0.378,0.478,-0.762
0.324,0.487,-0.738
0.262,0.491,-0.712
0.262,0.491,-0.712
0.196,0.495,-0.712
0.132,0.491,-0.692
0.073,0.487,-0.667
0.021,0.476,-0.645
0.021,0.476,-0.645
-0.028,0.466,-0.627
-0.07,0.449,-0.601
-0.102,0.435,-0.59
-0.129,0.411,-0.579
-0.129,0.411,-0.579
-0.155,0.394,-0.562
-0.179,0.375,-0.553
-0.201,0.358,-0.543
-0.222,0.335,-0.533
-0.222,0.335,-0.533
-0.245,0.31,-0.52
-0.261,0.285,-0.5
-0.272,0.256,-0.484
-0.279,0.227,-0.456
-0.279,0.227,-0.456
-0.284,0.203,-0.425
-0.276,0.184,-0.398
-0.268,0.172,-0.359
-0.248,0.161,-0.322
-0.248,0.161,-0.322
-0.229,0.152,-0.286
-0.203,0.153,-0.25
-0.174,0.157,-0.211
-0.134,0.172,-0.185
-0.134,0.172,-0.185
-0.088,0.189,-0.154
-0.029,0.217,-0.129
0.032,0.256,-0.112
0.102,0.302,-0.104
0.102,0.302,-0.104
0.177,0.352,-0.104
0.252,0.419,-0.121
0.328,0.479,-0.159
0.394,0.546,-0.193
0.394,0.546,-0.193
0.45,0.61,-0.238
0.484,0.677,-0.287
0.497,0.738,-0.336
0.497,0.756,-0.34
0.497,0.756,-0.34
0.47,0.755,-0.327
0.431,0.765,-0.351
0.384,0.779,-0.401
0.344,0.799,-0.461
0.344,0.799,-0.461
0.296,0.821,-0.503
0.245,0.842,-0.546
0.185,0.865,-0.572
0.134,0.883,-0.596
0.134,0.883,-0.596
0.083,0.896,-0.605
0.037,0.892,-0.619
-0.014,0.884,-0.626
-0.055,0.873,-0.636
