( -0.10973900, -0.12065800, 0.97673196, -0.06431776, -0.07129458, 1.04151559, -0.03326890, -0.06785180, 1.03085268),
( -0.16848199, -0.13566400, 0.84875399, -0.08080874, -0.08061183, 1.02642179, -0.04611208, -0.07129900, 1.02965569),
( -0.10424900, -0.02037400, 0.97276700, -0.09122152, -0.07729018, 1.02440858, -0.05829867, -0.07291756, 1.02823818),
( -0.09753900, -0.21770899, 1.01937103, -0.09969094, -0.09473808, 1.02675569, -0.06948105, -0.07881251, 1.02783763),
( -0.23430100, -0.18617199, 0.93378800, -0.12327745, -0.10904722, 1.02397788, -0.08401448, -0.08698060, 1.02679491),
( -0.20300800, -0.22972600, 0.99070096, -0.16439450, -0.10359009, 1.01925683, -0.10572964, -0.09146776, 1.02475846),
( -0.20380099, -0.29036000, 0.98258799, -0.17358942, -0.10693169, 0.97484958, -0.12406238, -0.09564544, 1.01127529),
( -0.23222700, -0.27846500, 0.89682198, -0.20005786, -0.13457170, 0.94220293, -0.14459303, -0.10616161, 0.99261498),
( -0.23576500, -0.39296198, 1.01540601, -0.17298248, -0.20225053, 0.96994078, -0.15226261, -0.13212062, 0.98648942),
( -0.34715098, -0.48763400, 1.02705693, -0.19847640, -0.24038354, 0.95811462, -0.16474755, -0.16136852, 0.97882378),
( -0.10272400, -0.57364398, 1.02156699, -0.19784287, -0.28625914, 0.96260846, -0.17368846, -0.19510850, 0.97444314),
( -0.23332499, -0.59194398, 0.90999800, -0.20451078, -0.33248171, 0.96873915, -0.18201530, -0.23222072, 0.97290218),
( -0.06081700, -0.63720596, 0.73602599, -0.20016272, -0.39491081, 0.94534665, -0.18691795, -0.27617246, 0.96545786),
( -0.07832400, -0.58029300, 0.52990699, -0.19819616, -0.43156815, 0.89688730, -0.18996483, -0.31815356, 0.94693309),
( -0.19513899, -0.54655999, 0.27889198, -0.19417867, -0.46798077, 0.83203298, -0.19110322, -0.35863030, 0.91589212),
( -0.53118801, -0.34721199, -0.12267100, -0.22736442, -0.47980157, 0.72177714, -0.20089941, -0.39136547, 0.86345077),
( -0.71461499, -0.57614499, -0.31384501, -0.27909955, -0.50867313, 0.59342945, -0.22202566, -0.42305687, 0.79050285),
( -0.72364300, -0.32073799, -0.50550699, -0.32880986, -0.51287013, 0.45455799, -0.25087407, -0.44732049, 0.69974524),
( -0.96257997, -0.28883499, -0.49208698, -0.40239009, -0.50226736, 0.30528456, -0.29180706, -0.46216473, 0.59317923),
( -1.10037899, -0.34824899, -0.63598597, -0.47862434, -0.48808044, 0.14059827, -0.34227690, -0.46916601, 0.47091168),
( -1.05170095, -0.47573900, -0.47488499, -0.57477176, -0.47814450, -0.00754745, -0.40508682, -0.47159159, 0.34165299),
( -0.96867996, -0.49056199, 0.01714100, -0.64931130, -0.46789217, -0.09591831, -0.47106558, -0.47059217, 0.22344039),
( -0.63116699, -0.63671798, 0.50099301, -0.70720559, -0.46790662, -0.11912169, -0.53486025, -0.46986666, 0.13089512),
( -0.20465499, -0.33452401, 0.85656196, -0.72004616, -0.44307679, -0.08676480, -0.58488935, -0.46262920, 0.07209294),
( 0.34330800, -0.26803398, 0.72352099, -0.66537881, -0.41483742, -0.04282121, -0.60663408, -0.44971794, 0.04104817),
( 0.54710901, -0.19123499, 0.67819798, -0.55595261, -0.39896291, 0.03635428, -0.59294218, -0.43600616, 0.03978009),
( 0.81733900, -0.18916100, 0.83112496, -0.40046364, -0.35966292, 0.14953072, -0.54094291, -0.41538155, 0.06942990),
( 0.94940400, -0.13773800, 0.85723299, -0.23070911, -0.34102201, 0.28428745, -0.45713133, -0.39529285, 0.12747501),
( 1.12008202, -0.01598200, 0.87717998, -0.01933741, -0.31321755, 0.41961956, -0.33885857, -0.37311971, 0.20639966),
( 0.87394696, 0.10912900, 0.26480100, 0.18112996, -0.26669025, 0.50852722, -0.19838044, -0.34436715, 0.28802130),
( 0.72077596, 0.14536300, -0.35758200, 0.36123863, -0.20352510, 0.51981461, -0.04719588, -0.30631781, 0.35064170),
( 0.59889799, 0.02793800, -0.52520996, 0.52061784, -0.15070628, 0.46578279, 0.10620251, -0.26427838, 0.38174778),
( 0.32305598, -0.01994700, -0.69771796, 0.61781311, -0.08795808, 0.34679550, 0.24441729, -0.21664436, 0.37230521),
( 0.09357399, 0.01360300, -0.96282399, 0.64842981, -0.05244698, 0.16643743, 0.35356379, -0.17228542, 0.31668875),
( -0.00231800, 0.03599000, -1.01449096, 0.61363232, -0.02151416, -0.00575684, 0.42382291, -0.13155364, 0.22957808),
( -0.14670500, 0.08631500, -1.09842694, 0.54347163, 0.00668665, -0.18172219, 0.45614675, -0.09420717, 0.11846276),
( -0.21179199, 0.14591199, -1.19047594, 0.43929911, 0.04068733, -0.38191772, 0.45159525, -0.05776458, -0.01671813),
( -0.15042600, -0.06405000, -1.07073295, 0.32789013, 0.04819678, -0.57279468, 0.41817555, -0.02913846, -0.16694565),
( 0.38997298, 0.23680200, -0.85528100, 0.25403249, 0.07387877, -0.74437582, 0.37383127, -0.00130772, -0.32294199),
( 0.81898600, 0.08338699, -0.52057397, 0.24856293, 0.07135408, -0.82218331, 0.33998924, 0.01832232, -0.45781514),
( 1.13380694, -0.16524899, 0.04898300, 0.29040360, 0.03991890, -0.78192449, 0.32659337, 0.02415677, -0.54537529),
( 0.71180898, -0.37014800, -0.03501400, 0.30173528, -0.00043190, -0.73332423, 0.31987780, 0.01751399, -0.59615088),
( 0.54869497, -0.38369000, 0.13975100, 0.32447034, -0.03732714, -0.65033531, 0.32111850, 0.00269832, -0.61078912),
( 0.36349899, -0.29682600, 0.84497195, 0.35156760, -0.06892870, -0.47121453, 0.32934451, -0.01665217, -0.57308221),
( -0.52112299, -0.54863399, 0.64336699, 0.29853368, -0.12840517, -0.30680126, 0.32102078, -0.04684293, -0.50114477),
( -0.69869399, -0.49464899, 0.90676498, 0.24207821, -0.18755646, -0.10796803, 0.29969397, -0.08485757, -0.39492562),
( -0.85717201, -0.65215099, 0.68155301, 0.17612240, -0.26869175, 0.07770987, 0.26631033, -0.13452151, -0.26724020),
( -1.23744595, -0.55851597, 0.43273398, 0.06541337, -0.31911123, 0.22689943, 0.21203677, -0.18438958, -0.13374531),
( -0.86626101, -0.86772496, 0.06813700, -0.06249350, -0.43126839, 0.31871065, 0.13787071, -0.25108543, -0.01151153),
( -0.52911401, -0.90761900, -0.87711900, -0.19952248, -0.53179640, 0.28369769, 0.04672185, -0.32692122, 0.06824108),
( -0.44121298, -1.08323801, -0.60200900, -0.35954374, -0.62493259, 0.21953478, -0.06303332, -0.40743086, 0.10911401),
( 0.32159200, -0.74157697, -0.39619499, -0.39918289, -0.66256583, 0.18384826, -0.15384622, -0.47635716, 0.12930393),
( 0.07515199, -0.73163396, 0.06313500, -0.44732389, -0.69786704, 0.17636748, -0.23313102, -0.53619945, 0.14201844),
( -0.24473199, -0.45640200, 0.61207402, -0.50909150, -0.71409667, 0.15339978, -0.30768347, -0.58425951, 0.14509317),
( -0.50392097, -0.37466198, 0.79177999, -0.50733864, -0.69649380, 0.16808257, -0.36162156, -0.61458027, 0.15130390),
( -0.46878499, -0.15744099, 0.76664799, -0.48391262, -0.66229355, 0.15412588, -0.39465925, -0.62747031, 0.15206628),
( -1.24842596, 0.08320400, 0.46701598, -0.52350223, -0.58786553, 0.13284168, -0.42946699, -0.61677086, 0.14687262),
( -0.93958300, 0.05398500, 0.59011400, -0.49317449, -0.52581137, 0.14832048, -0.44667798, -0.59219760, 0.14726377),
( -1.35548103, 0.24168199, 0.72827899, -0.54278469, -0.41362184, 0.21367493, -0.47264180, -0.54395425, 0.16520515),
( -0.60896301, 0.05734000, 0.99326301, -0.55101901, -0.31613451, 0.39890155, -0.49381590, -0.48240733, 0.22833969),
( 0.06905200, 0.29578900, 0.43584499, -0.49912667, -0.17652611, 0.50150168, -0.49525064, -0.39977163, 0.30213609),
( -0.46762601, 0.29828998, 0.89383298, -0.57931191, -0.07149933, 0.62932080, -0.51796031, -0.31108683, 0.39052707),
( 0.02610800, -0.01640900, 1.34065795, -0.58436906, 0.00077223, 0.75582850, -0.53590107, -0.22683617, 0.48921552),
( 0.75877899, 0.30182800, 0.45078999, -0.48229939, 0.07773314, 0.73961067, -0.52142024, -0.14455488, 0.55686134),
( 1.38018596, 0.74602997, 0.10199200, -0.29065287, 0.19160043, 0.67085332, -0.45907700, -0.05374045, 0.58765697),
( 0.94244999, 0.61439198, -0.16049099, -0.14705542, 0.27009252, 0.57868880, -0.37478244, 0.03374504, 0.58523417),
( 1.04255092, 0.64159799, -0.27504900, 0.08583407, 0.32708973, 0.50475609, -0.25034404, 0.11299393, 0.56349254),
( 0.59377396, 0.41559300, -0.39771998, 0.24177876, 0.36406696, 0.40660685, -0.11739401, 0.18082286, 0.52110893),
( 0.63379002, 0.35489801, -0.43456399, 0.44401607, 0.37598380, 0.29107782, 0.03427441, 0.23354681, 0.45896459),
( 0.29420298, 0.24296300, -0.66978002, 0.53602588, 0.39511743, 0.12613980, 0.16982569, 0.27719611, 0.36904991),
( 0.23509400, 0.86150301, -1.08665395, 0.55320722, 0.45260698, -0.02480679, 0.27339858, 0.32458445, 0.26264706),
( 0.21709900, 1.62546694, -0.41803300, 0.62316036, 0.58726442, -0.15504809, 0.36788890, 0.39554909, 0.14980412),
( 0.49690598, 1.32211399, -0.80702996, 0.67151153, 0.72313339, -0.36807609, 0.44991443, 0.48404801, 0.00989557),
( 0.57144797, 0.67801499, -0.42077801, 0.65267432, 0.76129884, -0.45445085, 0.50469124, 0.55894905, -0.11555050),
( 0.82221895, 0.31787100, -0.38582498, 0.59600699, 0.71790868, -0.50265354, 0.52936077, 0.60189301, -0.22012879),
( 0.57901198, 0.05990200, -0.62891001, 0.55907446, 0.66175449, -0.54894847, 0.53738809, 0.61806494, -0.30896148),
( 0.47897199, -0.44896001, -0.42370600, 0.50168097, 0.55124652, -0.56346816, 0.52774161, 0.60001355, -0.37771803),
( 0.29255599, -0.44438499, -0.31146601, 0.47093672, 0.46410292, -0.55477744, 0.51239544, 0.56329644, -0.42555174),
( -0.04550600, -0.36234000, -0.40296599, 0.40182281, 0.39135984, -0.55146253, 0.48252356, 0.51684672, -0.45956731),
( -0.33269399, -0.16122299, -0.52758896, 0.33806449, 0.35031348, -0.53723353, 0.44349703, 0.47185674, -0.48054931),
( -0.29310501, 0.36886698, -1.34803903, 0.28437656, 0.30037266, -0.56299728, 0.40050966, 0.42552924, -0.50282311),
( 0.26138499, 0.56370097, -1.31418395, 0.28883845, 0.19296379, -0.65167594, 0.37034097, 0.36270025, -0.54303664),
( 0.14810799, -0.02580300, -1.22835696, 0.25325924, 0.05646021, -0.69321525, 0.33871061, 0.27996761, -0.58360833),
( 0.24461000, 0.58230597, -1.44740796, 0.22020039, 0.04683483, -0.79487890, 0.30669433, 0.21698534, -0.64068437),
( 0.23741199, 0.14389899, -1.00277901, 0.16086671, 0.02919560, -0.85590249, 0.26729810, 0.16625278, -0.69882685),
( -0.20764400, -0.01525000, -0.59749496, 0.08095096, 0.02145613, -0.85266411, 0.21695526, 0.12713507, -0.74038696),
( -0.48714599, 0.07862900, -0.29426399, -0.01711076, 0.07471317, -0.83975565, 0.15372087, 0.11297297, -0.76723206),
( -0.77293098, 0.20252000, 0.06600200, -0.12528303, 0.14000817, -0.80227071, 0.07834623, 0.12027670, -0.77669799),
( -0.43364900, -0.18263400, 0.57803601, -0.16482320, 0.15803064, -0.70503145, 0.01265250, 0.13047616, -0.75733685),
( -1.09824395, 1.01009893, -0.44963101, -0.24240322, 0.27651316, -0.69732857, -0.05625239, 0.16992897, -0.74112523),
( -1.99860394, 0.31012398, 0.65873897, -0.41593522, 0.27006018, -0.49822694, -0.15342294, 0.19698003, -0.67550474),
( -1.22530699, 0.39521900, -0.11748600, -0.56714046, 0.25262314, -0.37941179, -0.26519129, 0.21201237, -0.59551340),
( -1.30338693, 0.20117800, -0.08265500, -0.71470010, 0.27524412, -0.26570049, -0.38662890, 0.22909482, -0.50641239),
( -1.26446903, -0.04337100, 0.00439200, -0.86829013, 0.21147621, -0.12155239, -0.51675266, 0.22433504, -0.40244007),
( -1.09458399, -0.19221100, 0.28535798, -1.00382352, 0.17707846, 0.00631939, -0.64833790, 0.21156839, -0.29201117),
( -0.51685297, -0.23546000, 0.62262696, -1.03544593, 0.15458843, 0.12728634, -0.75291753, 0.19617489, -0.17873535),
( -0.06020700, -0.52643001, 0.73212200, -0.99233180, 0.09326663, 0.22899203, -0.81759679, 0.16837358, -0.06858527),
( 0.15493999, -0.63263100, 0.57462001, -0.89829892, 0.00878447, 0.27934688, -0.83939898, 0.12525959, 0.02541076),
( -0.11205700, -0.76286596, 0.87565500, -0.86577237, -0.04995573, 0.30885568, -0.84652394, 0.07792408, 0.10198516),
( -0.56864196, -0.50764197, 0.37325898, -0.81234634, -0.20366025, 0.39048830, -0.83729064, 0.00185233, 0.17992608),
( -0.56711698, -0.63879198, -0.29926598, -0.66696203, -0.29941279, 0.29546145, -0.79127532, -0.07953631, 0.21113868),
( -0.87065297, -0.91176701, -0.24021800, -0.63113087, -0.43169370, 0.28339902, -0.74801129, -0.17467381, 0.23066026),
( -0.83191800, -1.15527892, -0.06057300, -0.58346462, -0.56898248, 0.28567377, -0.70355797, -0.28119874, 0.24552250),
( -0.67490399, -1.32302892, 0.28651699, -0.52382988, -0.69850540, 0.31368837, -0.65500331, -0.39393672, 0.26393792),
( -0.49647900, -0.90841198, 0.04135800, -0.46315956, -0.77090770, 0.28950557, -0.60317552, -0.49577779, 0.27084517),
( -0.21801400, -1.03181493, 0.43114799, -0.43290573, -0.85148066, 0.27058059, -0.55717605, -0.59187311, 0.27077371),
( -0.15298800, -0.71498096, -0.16152799, -0.44222647, -0.87048566, 0.18206908, -0.52612174, -0.66714203, 0.24680960),
( 0.54100901, -0.73443997, 0.07295600, -0.40295583, -0.88067567, 0.13231616, -0.49284771, -0.72482949, 0.21587849),
( 0.32049400, -0.73486698, -0.22734700, -0.35885394, -0.87764376, 0.02295789, -0.45664847, -0.76611322, 0.16375980),
( 0.68521297, -0.16512699, -0.40735799, -0.23133159, -0.84266853, -0.05461550, -0.39577770, -0.78679514, 0.10476436),
( 0.77183300, 0.20776600, -0.73419601, -0.09513728, -0.75667793, -0.09800752, -0.31455782, -0.77865881, 0.04998428),
( 0.50575101, 0.54924399, -1.19480693, 0.04503655, -0.60839874, -0.19296649, -0.21741118, -0.73266202, -0.01565038),
( 0.51227796, 0.62653100, -1.12331498, 0.18200639, -0.42762643, -0.29867411, -0.10950604, -0.65025479, -0.09211099),
( 0.63598597, 0.28096598, -0.76951498, 0.31556398, -0.26486665, -0.40369135, 0.00532926, -0.54613978, -0.17628635),
( 0.16573700, -0.01732400, -0.73023099, 0.38308099, -0.17443584, -0.48034564, 0.10738124, -0.44572166, -0.25842986),
( 0.16945800, -0.30335298, -1.12606001, 0.42278367, -0.10042624, -0.63478315, 0.19258916, -0.35243794, -0.36010402),
( -0.11163000, -0.18922199, -0.91811097, 0.42718083, -0.04709119, -0.70981592, 0.25596556, -0.26994663, -0.45458087),
( -0.02421700, -0.42041200, -0.84143400, 0.36995807, -0.01527567, -0.80037022, 0.28676134, -0.20114569, -0.54799801),
( 0.42840299, 0.61542898, -0.54314399, 0.38118070, 0.12151565, -0.83183318, 0.31226933, -0.11397673, -0.62467784),
( 0.52222097, 0.86827397, -0.62171197, 0.36482278, 0.22616164, -0.85316765, 0.32646698, -0.02208624, -0.68640578),
( 0.30012000, 1.44521201, -0.42584100, 0.31706348, 0.35136050, -0.82268733, 0.32392657, 0.07880271, -0.72322309),
( -0.13749400, 1.45265400, -0.65489596, 0.25179425, 0.44267902, -0.76919925, 0.30443957, 0.17710616, -0.73564386),
( 0.03324500, 1.36023903, -0.50776398, 0.20316538, 0.51683021, -0.70822108, 0.27707973, 0.26888472, -0.72823542),
( -0.26724100, 0.98203897, -0.63665700, 0.11151858, 0.58766472, -0.69500363, 0.23235236, 0.35500512, -0.71925765),
( 0.12895399, -0.00841800, -0.26278800, 0.10771449, 0.58850664, -0.64868271, 0.19868067, 0.41808701, -0.70019138),
( 0.66044700, 0.48970798, -0.09656300, 0.15755670, 0.66877520, -0.54684001, 0.18757077, 0.48581198, -0.65876257),
( 0.36295000, 0.01866600, 0.27803800, 0.20561406, 0.68976432, -0.42841452, 0.19244528, 0.54091096, -0.59653264),
( 0.36508501, 0.03855200, 0.87656999, 0.24497239, 0.73610467, -0.25829750, 0.20663580, 0.59364372, -0.50515634),
( 0.31396699, -0.05105700, 1.46528101, 0.23294421, 0.66836250, -0.05919910, 0.21374318, 0.61382949, -0.38467821),
( 0.53222501, -0.25144199, 1.41501701, 0.23347858, 0.55474055, 0.14273772, 0.21907482, 0.59786624, -0.24219353),
( 0.51660901, -0.13468799, 1.34706295, 0.25495100, 0.39458171, 0.31855604, 0.22876699, 0.54294765, -0.09070355),
( 0.17153199, 0.10321200, 1.16229403, 0.28585243, 0.25776976, 0.49872193, 0.24418898, 0.46590507, 0.06853341),
( 0.27151099, 0.37130699, 0.99765497, 0.30967084, 0.15748961, 0.64796495, 0.26187930, 0.38258472, 0.22507043),
( 0.25626099, 0.30835500, 0.66441196, 0.36254081, 0.08920217, 0.77688110, 0.28907362, 0.30332559, 0.37414551),
( -0.07801900, 0.17525300, 0.35520300, 0.34145638, 0.10769705, 0.83812416, 0.30322516, 0.25047532, 0.49949223),
( -0.69802296, 0.26010400, 0.14640000, 0.20340650, 0.08420128, 0.86242676, 0.27625853, 0.20555535, 0.59754127),
( -0.55699098, 0.19721299, 0.76701397, 0.10992569, 0.10207842, 0.91099298, 0.23132268, 0.17760041, 0.68222219),
( -0.91457295, -0.20746100, 0.70967400, -0.02006108, 0.07698097, 0.89467496, 0.16340980, 0.15041745, 0.73961765),
( -1.31064594, -0.00036600, 0.97118098, -0.18498820, 0.08191201, 0.84595299, 0.06928792, 0.13191028, 0.76834482),
( -0.63677901, -1.02211595, 0.56223696, -0.30371773, 0.00378183, 0.76171857, -0.03148187, 0.09729558, 0.76655471),
( -0.54625499, -0.92726099, 0.63067901, -0.41169065, -0.07656477, 0.69098568, -0.13419764, 0.05032613, 0.74613929),
( -0.60127699, -0.66984099, 0.54039901, -0.49021420, -0.15489931, 0.62956971, -0.23037772, -0.00511680, 0.71464729),
( -0.47177398, -0.36209598, 0.18995400, -0.56570512, -0.22919250, 0.54973423, -0.32096848, -0.06565224, 0.67009503),
( -0.72248399, -0.34160000, 0.19471200, -0.66514814, -0.29511201, 0.50341493, -0.41395074, -0.12764221, 0.62506539),
( -0.87351996, 0.07106500, 0.08186200, -0.74592155, -0.30575797, 0.47646135, -0.50363469, -0.17576130, 0.58491910),
( -0.21380499, 0.11949900, 0.83972597, -0.69686615, -0.31999922, 0.54510367, -0.55583739, -0.21472807, 0.57416272),
( -0.78909600, -0.00262300, 0.68252897, -0.72045988, -0.34026286, 0.53679013, -0.60031116, -0.24864207, 0.56406629),
( -0.48861000, -0.26181200, 0.94769597, -0.67723978, -0.34572625, 0.56031740, -0.62109393, -0.27486998, 0.56305349),
( -0.36429200, -0.73706299, 1.46198702, -0.58131111, -0.42023349, 0.60889328, -0.61034638, -0.31414083, 0.57543737),
( -0.39534098, -0.76439101, 1.07292902, -0.55682355, -0.39415553, 0.65942931, -0.59588683, -0.33575729, 0.59812832),
( -0.31012398, -0.78732699, 0.59883702, -0.53281313, -0.37994376, 0.65622294, -0.57884705, -0.34769455, 0.61382294),
( -0.25016099, -0.51459599, 0.41620299, -0.49710768, -0.36415249, 0.64384681, -0.55676466, -0.35214075, 0.62193406),
( -0.34251499, -0.64013398, 0.53625101, -0.48407501, -0.39232737, 0.67817247, -0.53712708, -0.36299741, 0.63712722),
( -0.51587701, -0.41278699, 0.49983400, -0.46314710, -0.39953843, 0.70838296, -0.51714092, -0.37286919, 0.65637738),
( -0.21551299, -0.42529199, 0.63177699, -0.39647564, -0.44976050, 0.76283067, -0.48454246, -0.39364186, 0.68513638),
( -0.11346000, -0.41327500, 0.71595699, -0.38635045, -0.50368148, 0.75061375, -0.45801529, -0.42336974, 0.70282549),
( -0.10357800, -0.56162697, 0.91652501, -0.31684786, -0.56020653, 0.77376187, -0.41987804, -0.46033704, 0.72198939),
( 0.37142900, -1.43508601, 1.16436803, -0.22971492, -0.67890579, 0.79523849, -0.36850429, -0.51938474, 0.74177808),
( 0.34092900, -1.02736199, 0.71016198, -0.15802154, -0.70810336, 0.72067279, -0.31164107, -0.57036823, 0.73607635),
( 0.37338099, -1.27862096, 0.19642000, -0.07989566, -0.75995266, 0.63376921, -0.24903361, -0.62158567, 0.70843744),
( 0.51673096, -0.00097600, -0.03733200, 0.00430651, -0.68011737, 0.57052064, -0.18059221, -0.63739836, 0.67117834),
( 0.24558599, -0.03666100, 0.57559597, 0.05471111, -0.63165867, 0.58618504, -0.11702356, -0.63584775, 0.64821684),
( 1.30045903, 0.96532500, 1.21127701, 0.22174057, -0.46889788, 0.65263975, -0.02550432, -0.59074521, 0.64941174),
( 0.62122399, 0.22502899, 0.34983498, 0.33735776, -0.40411067, 0.63753414, 0.07252512, -0.54032475, 0.64620292),
( 0.86278397, 0.25705400, 0.38582498, 0.44702378, -0.33481237, 0.61292470, 0.17369826, -0.48480430, 0.63721257),
( 0.59938598, 0.29280001, 0.27273101, 0.51960474, -0.26314670, 0.56882006, 0.26714703, -0.42492214, 0.61873591),
( 0.72968197, 0.11333800, 0.62659198, 0.60438818, -0.19462994, 0.53989011, 0.35825482, -0.36270726, 0.59743524),
( 0.56626296, 0.18513499, 0.48921999, 0.62453616, -0.03044930, 0.47277680, 0.43019238, -0.27294570, 0.56375802),
( 0.50233501, 0.31500399, 0.75914496, 0.64113683, 0.10550535, 0.47745100, 0.48718032, -0.17070480, 0.54044163),
( 0.38826498, 0.73602599, 0.65050399, 0.64290261, 0.30946815, 0.52220857, 0.52924967, -0.04098310, 0.53551584),
( 0.71510297, 1.02284801, 0.86009997, 0.66308081, 0.41307339, 0.61098242, 0.56540501, 0.08168308, 0.55590361),
( 0.25467500, 0.33684200, 0.80532199, 0.66402936, 0.45087099, 0.63370025, 0.59204900, 0.18142149, 0.57692087),
( 0.09650200, 0.42022899, 0.95123398, 0.54169750, 0.39550984, 0.60817611, 0.57844621, 0.23925878, 0.58536464),
( 0.09509899, 0.37008700, 0.91975796, 0.48819843, 0.41004920, 0.66470826, 0.55406523, 0.28539887, 0.60679978),
( 0.03068300, 0.42431599, 0.99509299, 0.40361971, 0.42678371, 0.72518194, 0.51342142, 0.32359487, 0.63878143),
( -0.17214200, 0.41107899, 0.89541900, 0.32518339, 0.43856597, 0.78698194, 0.46256775, 0.35465503, 0.67881870),
( -0.51538897, 0.12370799, 0.78732699, 0.19870175, 0.43939877, 0.80309230, 0.39128271, 0.37754908, 0.71239197),
( -0.16665199, 0.18910000, 1.26172400, 0.12414676, 0.43959394, 0.87974423, 0.31911427, 0.39431089, 0.75760323),
( -0.16201600, 0.30231598, 1.01284397, 0.05663019, 0.43817368, 0.90498221, 0.24820256, 0.40616068, 0.79741859),
( -0.09363500, 0.45939100, 0.78714401, 0.00762008, 0.41006756, 0.91862476, 0.18320771, 0.40721616, 0.83016318),
( 0.06344000, 0.47183499, 1.38701797, -0.05873436, 0.35410434, 0.97099507, 0.11784555, 0.39286768, 0.86820978),
( -0.19599299, 0.43157500, 0.90243399, -0.10450713, 0.36361429, 0.98067343, 0.05777559, 0.38496470, 0.89859253),
( -0.52252597, 0.45072898, 0.86790800, -0.16736332, 0.36661369, 0.97250557, -0.00304708, 0.38000706, 0.91856062),
( -0.60719401, 0.35813099, 0.92732197, -0.23869684, 0.36528999, 0.97336090, -0.06670932, 0.37603116, 0.93336529),
( -0.51166797, -0.29469100, 0.63067901, -0.29384294, 0.29243544, 0.93741691, -0.12807088, 0.35344726, 0.93445987),
( -0.58011001, -0.21136500, 0.94678098, -0.33538646, 0.22933264, 0.94263875, -0.18407847, 0.31991693, 0.93666947),
( -0.97850096, -0.58431900, 1.08281100, -0.38258079, 0.15752628, 0.97206753, -0.23770510, 0.27604610, 0.94623250),
( -0.65782398, 0.81825399, 0.30805001, -0.43222585, 0.22126937, 0.87757331, -0.29025608, 0.26124781, 0.92768377),
( -0.69137400, -0.05142300, 0.75579000, -0.48600993, 0.18539329, 0.85222280, -0.34314018, 0.24075525, 0.90729749),
( -0.46951699, -0.21197499, 0.71455401, -0.52428389, 0.11735590, 0.84516382, -0.39207727, 0.20741814, 0.89051169),
( -0.48403499, -0.26376399, 0.71931201, -0.57990789, 0.04285539, 0.77917087, -0.44282088, 0.16296050, 0.86043227),
( -0.51587701, 0.00841800, 0.79025501, -0.61244875, -0.00003363, 0.76815224, -0.48864689, 0.11892662, 0.83550227),
( -0.30213299, -0.02531500, 0.81471598, -0.59013194, -0.04819884, 0.76290405, -0.51606369, 0.07377664, 0.81588942),
( 0.00933300, -0.10412700, 1.21231401, -0.52762872, -0.09494388, 0.79110420, -0.51918805, 0.02819575, 0.80919355),
( 0.03495300, -0.24156000, 0.72718096, -0.47211537, -0.08948748, 0.80057847, -0.50647110, -0.00359711, 0.80686611),
( 0.76213396, 0.64141500, 0.97429198, -0.33565429, -0.00291975, 0.80300605, -0.46032387, -0.00341411, 0.80582327),
( 1.09482801, -0.42651200, 1.40275598, -0.12509280, 0.01335451, 0.83438110, -0.36975911, 0.00111603, 0.81353837),
( 0.48897600, -0.26815599, 0.93226296, -0.00888087, -0.09654979, 0.89618617, -0.27226561, -0.02526900, 0.83586621),
( 0.57736498, -0.40119699, 1.02797198, 0.11988608, -0.13179858, 0.92300701, -0.16632341, -0.05404862, 0.85940784),
( 0.40656498, 0.05630300, 0.71809196, 0.20891030, -0.10449199, 0.92319620, -0.06495170, -0.06767622, 0.87664068),
( 0.38564199, 0.20483799, 0.85857499, 0.29729575, -0.05691637, 0.93681145, 0.03291170, -0.06476938, 0.89289618),
( 0.40912700, 0.31689501, 0.83173496, 0.39128959, -0.02553562, 0.94074821, 0.12972970, -0.05417014, 0.90582371),
( 0.18855099, 0.25217399, 0.42968398, 0.44122893, 0.00268713, 0.90249234, 0.21388316, -0.03880979, 0.90492374),
( 0.47116399, 0.85326797, 0.95367396, 0.48832750, 0.09974124, 0.87668562, 0.28802601, -0.00137937, 0.89729506),
( 0.33562198, 0.85235298, 0.77006400, 0.51903409, 0.21055925, 0.88076335, 0.35043427, 0.05587716, 0.89282894),
( 0.25595599, 0.73352498, 0.50495797, 0.46770710, 0.21986023, 0.83432418, 0.38211626, 0.10017820, 0.87702352),
( 0.34044099, 0.92152697, 0.54534000, 0.39142829, 0.35634798, 0.74932367, 0.38463196, 0.16938406, 0.84252459),
( 0.20514299, 0.35349500, 0.74419999, 0.36272714, 0.41927582, 0.73065978, 0.37871423, 0.23689388, 0.81230360),
( -0.10723799, 0.81697297, 0.75957197, 0.29342777, 0.54255539, 0.70402634, 0.35567355, 0.31947023, 0.78305185),
( -0.36044899, 0.86735898, 0.79635501, 0.21564150, 0.62455535, 0.71180135, 0.31784302, 0.40189087, 0.76380306),
( 0.15652600, 0.88492697, 0.73053598, 0.19249824, 0.69340271, 0.69907004, 0.28398034, 0.48064461, 0.74631506),
( 0.16732299, 0.49403900, 0.70692897, 0.16798553, 0.71131700, 0.68671912, 0.25264362, 0.54296219, 0.73021483),
( 0.33958700, 0.49361199, 0.81977898, 0.18330649, 0.73574519, 0.72532117, 0.23391175, 0.59504372, 0.72889280),
( 0.17958400, 0.30756199, 0.94062001, 0.15360612, 0.68043929, 0.72413421, 0.21221669, 0.61811388, 0.72760725),
( 0.25003898, 0.53667802, 0.90859497, 0.14484264, 0.64844280, 0.73790973, 0.19401518, 0.62630743, 0.73039055),
( 0.03544100, 0.47531199, 0.77701801, 0.12236367, 0.62222826, 0.76492941, 0.17465807, 0.62520540, 0.73972142),
( -0.30506098, 0.42102200, 0.83100301, 0.05667894, 0.57140863, 0.79338819, 0.14278528, 0.61067188, 0.75421983),
( -0.77762800, -0.06478200, 0.63952398, -0.04319035, 0.52890706, 0.78321099, 0.09254280, 0.58858263, 0.76205200),
( -0.81343496, 0.38613001, 0.83100301, -0.11499675, 0.48515683, 0.79044354, 0.03647470, 0.56064153, 0.76972216),
( -0.61158597, 0.46811399, 0.70546496, -0.14055446, 0.44469780, 0.78152126, -0.01135082, 0.52931863, 0.77290976),
( -0.57760900, 0.10339500, 0.51056999, -0.21521112, 0.36546433, 0.75992560, -0.06642494, 0.48505238, 0.76940203),
( -0.44371399, 0.11510700, 0.56058997, -0.27731165, 0.32701120, 0.74556035, -0.12339730, 0.44235659, 0.76296103),
( -0.76805097, 0.08424100, 0.71998298, -0.38986272, 0.28539103, 0.73588425, -0.19538459, 0.39995137, 0.75564605),
( -0.41016400, -0.02153300, 0.81300801, -0.44979581, 0.25198585, 0.72336566, -0.26411536, 0.35997757, 0.74692529),
( -0.35825300, -0.59102899, 0.80934799, -0.51174408, 0.13770321, 0.71375275, -0.33101380, 0.29992878, 0.73796350),
( -0.14646100, -0.34361300, 0.93336099, -0.53037345, 0.05472773, 0.72936571, -0.38487205, 0.23368619, 0.73564076),
( -0.04642100, -0.76182896, 0.64324498, -0.50426483, -0.06499051, 0.71086013, -0.41712674, 0.15299682, 0.72894615),
( -0.10376099, -0.86906695, 0.81544799, -0.43597609, -0.14634909, 0.72828430, -0.42221901, 0.07212667, 0.72876734),
( -0.00122000, -0.94611001, 0.67472100, -0.35367042, -0.28111050, 0.71283239, -0.40370017, -0.02330254, 0.72446239),
( 0.16140600, -0.65166301, 0.67295200, -0.27533305, -0.39437741, 0.70962536, -0.36902100, -0.12355072, 0.72045410),
( 0.06319600, -0.81550896, 0.81825399, -0.21044023, -0.48736340, 0.74012315, -0.32617941, -0.22183697, 0.72576779),
( 0.39088801, -0.14042200, 0.83411396, -0.12575284, -0.51313794, 0.76713061, -0.27203292, -0.30053374, 0.73694223),
( 0.38033500, -0.83521199, 0.79787999, -0.00927192, -0.60607189, 0.77478456, -0.20104641, -0.38307676, 0.74716556),
( 0.39515799, -0.47714198, 0.63726699, 0.07247644, -0.65206021, 0.75730425, -0.12715252, -0.45574430, 0.74990457),
( 0.49861398, -0.35813099, 0.63763297, 0.15956944, -0.62831920, 0.74013555, -0.04969281, -0.50236648, 0.74726540),
( 0.43181899, -0.52758896, 0.75743699, 0.21830098, -0.64683688, 0.72263932, 0.02270738, -0.54139608, 0.74061251),
( 0.30554900, 0.04239500, 0.92567497, 0.25413623, -0.56537366, 0.75047851, 0.08522932, -0.54787380, 0.74327785),
( 0.20001900, 0.39491400, 0.64916199, 0.28521705, -0.43730909, 0.73381066, 0.13925725, -0.51800406, 0.74072021),
( 0.26901001, 0.71437097, 0.68545699, 0.31292725, -0.26911879, 0.73464215, 0.18617527, -0.45076615, 0.73907816),
( 0.11516800, 0.31835899, 0.61122000, 0.30839497, -0.17088988, 0.72842014, 0.21919368, -0.37515584, 0.73619884),
( 0.27919701, 0.88675696, 0.89981097, 0.33059338, 0.00151492, 0.73627222, 0.24928901, -0.27339590, 0.73621869),
( 0.52661300, 1.06932998, 1.21420503, 0.34451526, 0.12399800, 0.77377325, 0.27501497, -0.16603747, 0.74636430),
( 0.15914899, 0.62329799, 0.67655098, 0.32230073, 0.27167255, 0.76161563, 0.28778952, -0.04778739, 0.75048453),
( -0.00701500, 0.33879399, 0.80892098, 0.28155750, 0.35421413, 0.77858937, 0.28610590, 0.06081581, 0.75807720),
( -0.87205601, -0.02116700, 1.04438102, 0.14233457, 0.38807091, 0.81905681, 0.24726519, 0.14922582, 0.77455121),
( -0.41004199, 0.18184100, 0.79324400, 0.05693634, 0.45977274, 0.82264787, 0.19584668, 0.23312199, 0.78754485),
( -0.54576701, 0.43779698, 0.73578197, -0.02943874, 0.49969912, 0.80391330, 0.13498442, 0.30513945, 0.79196686),
( -0.63427800, 0.01659200, 0.75176400, -0.11425231, 0.46124333, 0.81424743, 0.06765157, 0.34731188, 0.79798609),
( -0.47372600, 0.29877800, 0.79605001, -0.18977329, 0.41902700, 0.82536411, -0.00189335, 0.36668617, 0.80538243),
( -0.54515702, 0.12437899, 0.46896800, -0.25685099, 0.39929470, 0.81138980, -0.07077175, 0.37549555, 0.80700535),
( -0.59188300, 0.14938900, 0.67679501, -0.34540936, 0.32451195, 0.78950721, -0.14496680, 0.36172202, 0.80227810),
( -0.54314399, 0.45597500, 0.86162496, -0.45410791, 0.26227069, 0.75480199, -0.22848319, 0.33485463, 0.78945214),
( -0.35660601, 0.31817600, 0.87748498, -0.50657070, 0.23126698, 0.77482349, -0.30361024, 0.30686978, 0.78550011),
( -0.18367100, -0.85900199, 1.85934091, -0.52486074, 0.10982261, 0.87906897, -0.36338243, 0.25363627, 0.81077832),
( -0.30066898, -0.70906401, 1.08976495, -0.46694270, 0.04024877, 0.88356036, -0.39135987, 0.19598831, 0.83044082),
( -0.09375700, -0.51642597, 0.97764701, -0.43495718, -0.03043197, 0.90186560, -0.40313795, 0.13481946, 0.84973669),
( -0.54167998, -0.72644901, 0.91817200, -0.43475503, -0.14834964, 0.92007160, -0.41167951, 0.05831958, 0.86873811),
( -0.57730401, -1.06396198, 0.87260497, -0.42915875, -0.25777668, 0.93216169, -0.41640162, -0.02707579, 0.88587236),
( 0.06301300, -0.32726499, 1.16083002, -0.37479743, -0.32112938, 0.96829832, -0.40516201, -0.10651619, 0.90814024),
( 0.03977200, -0.86900598, 0.50373799, -0.31555110, -0.42163506, 0.97177142, -0.38095307, -0.19164751, 0.92533058),
( 0.34489399, -0.42413300, 0.81068999, -0.22051600, -0.47957864, 0.98496532, -0.33761001, -0.26943389, 0.94144130),
( -0.07216300, -0.41858199, 0.90231198, -0.17282507, -0.56807005, 0.98902798, -0.29309234, -0.35011229, 0.95429713),
( 0.11614400, -0.79470801, 0.95294195, -0.12499766, -0.68069941, 0.99656296, -0.24768052, -0.43942246, 0.96571553),
( 0.31024599, 0.06057300, 0.44011500, -0.07447360, -0.58733571, 0.85575950, -0.20088759, -0.47938213, 0.93601024),
( 0.57236296, 0.04050400, 0.51191199, 0.01440414, -0.51122463, 0.79828656, -0.14272518, -0.48798457, 0.89880335),
( 0.41321400, -0.09692900, 0.71833599, 0.06600171, -0.46863332, 0.77246886, -0.08633632, -0.48275670, 0.86467332),
( 0.58017099, 1.03614593, 0.62988597, 0.18027011, -0.28993198, 0.74353331, -0.01431094, -0.43066391, 0.83194661),
( 0.89755398, 0.63873100, 0.85662299, 0.33034271, -0.11727172, 0.74153346, 0.07879938, -0.34599906, 0.80752093),
( -0.05886500, 0.57687700, 0.56052899, 0.31819743, -0.02566392, 0.68196630, 0.14347425, -0.25945854, 0.77360159),
( -0.17476499, 0.46158698, 0.59603101, 0.29660600, 0.10903348, 0.69098914, 0.18484375, -0.15990815, 0.75128335),
( -0.11705900, 0.60835296, 0.56589699, 0.24988759, 0.21354263, 0.66668320, 0.20241575, -0.05901811, 0.72842807),
( 0.22496800, 0.38649601, 1.06768298, 0.28017050, 0.29509705, 0.68293160, 0.22342168, 0.03664830, 0.71613693),
( 0.04019900, 0.78323996, 1.29978800, 0.27265719, 0.45483550, 0.71712750, 0.23672296, 0.14962417, 0.71640456),
( 0.03531900, 0.09314699, 0.75560701, 0.24469166, 0.45805374, 0.74842507, 0.23887575, 0.23294833, 0.72505510),
( -0.15073100, 0.49257499, 0.80300397, 0.17127731, 0.50368351, 0.77732313, 0.22061361, 0.30608913, 0.73917562),
( -0.63305801, 0.44017598, 0.86784697, 0.06507305, 0.55788910, 0.79223084, 0.17859337, 0.37411445, 0.75350881),
( -1.93406594, -0.59908098, 0.51154602, -0.19053642, 0.39191037, 0.78106838, 0.07887067, 0.37892213, 0.76095420),
( 0.39631701, -1.03163195, 0.44163999, -0.24165098, 0.22272928, 0.74021763, -0.00772024, 0.33672565, 0.75535208),
( -0.86144197, -0.63250899, 0.65129697, -0.32337371, 0.10012235, 0.74947065, -0.09299599, 0.27280581, 0.75376320),
( -0.68502998, -0.43865100, 0.55552697, -0.37533799, 0.00888311, 0.74563736, -0.16927244, 0.20150545, 0.75156796),
( -0.70119500, -0.97898901, 0.77671301, -0.43495220, -0.15197650, 0.76679647, -0.24104747, 0.10601011, 0.75568205),
( 0.09912500, -0.46207500, 0.71284598, -0.44781652, -0.23788600, 0.73175442, -0.29690742, 0.01310445, 0.74921787),
( -0.04758000, -0.70290297, 0.83710301, -0.45690045, -0.38834056, 0.68609434, -0.34013054, -0.09534841, 0.73216468),
( 0.20178799, -0.55967498, 0.83197898, -0.44010812, -0.45443076, 0.69371235, -0.36714011, -0.19235674, 0.72177655),
( 0.22929899, -0.49495399, 0.73431796, -0.40165663, -0.55436414, 0.68696439, -0.37646496, -0.29015529, 0.71237183),
( 0.55961400, -0.27370700, 0.54906100, -0.28058583, -0.62642807, 0.65528262, -0.35056263, -0.38100147, 0.69694883),
( 0.61061001, 0.02061800, 0.71071100, -0.02205888, -0.56329119, 0.67456669, -0.26181531, -0.43024817, 0.69090217),
( 0.44609299, 0.47238398, 0.85198700, -0.01682419, -0.41102681, 0.71504444, -0.19562943, -0.42505541, 0.69742435),
( 0.62891001, 0.39277899, 0.89968896, 0.13467458, -0.30699196, 0.73931605, -0.10639575, -0.39315984, 0.70874166),
( 0.71046698, -0.16573700, 1.54354393, 0.27630904, -0.27924687, 0.83697432, -0.00300568, -0.36238554, 0.74338454),
( 0.58340400, 0.48037499, 1.01357603, 0.40698090, -0.13128690, 0.86008394, 0.10775474, -0.29995281, 0.77491158),
( 0.57144797, 0.12273200, 0.81032401, 0.45503268, -0.07200238, 0.86960459, 0.20157403, -0.23837058, 0.80049348),
( -0.20111699, 0.26510599, 0.97301096, 0.43957251, 0.02598269, 0.88298196, 0.26587081, -0.16695391, 0.82277822),
( -0.34349099, 0.67996699, 0.65312701, 0.38441411, 0.15144852, 0.86519814, 0.29789603, -0.08093552, 0.83423823),
( -1.10031796, 0.22264999, 0.95044100, 0.24944994, 0.22387937, 0.88672733, 0.28480801, 0.00141211, 0.84841847),
( -0.60042298, 0.85412198, 0.90755796, 0.13175404, 0.33786219, 0.92229110, 0.24345954, 0.09230619, 0.86837560),
( -0.48909798, 0.54076499, 0.88931900, 0.02011534, 0.39033860, 0.94009179, 0.18312171, 0.17282149, 0.88775015),
( -0.41663000, 0.60267997, 0.77061301, -0.06747682, 0.40340471, 0.93214214, 0.11542097, 0.23511498, 0.89974290),
( -0.56479901, 0.12547700, 0.86900598, -0.18875757, 0.37614939, 0.92931044, 0.03324525, 0.27321631, 0.90773076),
( -0.87187296, -0.10809200, 0.57053298, -0.34931874, 0.38184679, 0.83312863, -0.07010678, 0.30256352, 0.88757652),
( -0.55607599, -0.33641499, 0.92823696, -0.46517110, 0.29896265, 0.82493675, -0.17683586, 0.30159071, 0.87065399),
( -0.56040698, -0.45951298, 0.66093498, -0.58020210, 0.23983827, 0.81037033, -0.28580776, 0.28490791, 0.85436797),
( -0.62061399, -0.76652598, 0.56058997, -0.62291294, 0.13535094, 0.76968747, -0.37687883, 0.24450417, 0.83149099),
( 0.09479400, -0.52368498, 0.51441300, -0.57856870, 0.01354929, 0.75601703, -0.43136659, 0.18211028, 0.81110126),
( 0.86266196, -0.08314300, 0.59920299, -0.37918928, -0.01706284, 0.72095805, -0.41727057, 0.12830243, 0.78674853),
( 0.64422101, -0.12053600, 0.60670596, -0.25288409, -0.11552797, 0.69107580, -0.37286055, 0.06243014, 0.76090193),
( 0.69405800, -0.06386700, 0.65038198, -0.13277428, -0.17653945, 0.66729468, -0.30799976, -0.00212898, 0.73561335),
( 0.81697297, -0.19446799, 0.93268996, -0.00763105, -0.25708437, 0.68326277, -0.22685330, -0.07100676, 0.72147053),
( 0.50019997, -0.36807400, 0.91603696, 0.10045298, -0.30689922, 0.68782151, -0.13842948, -0.13473457, 0.71238005),
( 0.31360099, 0.63860899, 0.96581298, 0.22091964, -0.23114112, 0.72672498, -0.04134908, -0.16077940, 0.71625543),
( 0.06496500, 0.69637597, 0.78330100, 0.28418395, -0.12643977, 0.71215212, 0.04659569, -0.15150234, 0.71514690),
( 0.01177300, 1.03596294, 0.59231001, 0.34254807, 0.02509868, 0.70509434, 0.12654907, -0.10379248, 0.71243113),
( -0.23021400, 0.65160197, 0.62927598, 0.38241637, 0.16875958, 0.71167797, 0.19567320, -0.03016085, 0.71222764),
( -0.39393800, 1.03992796, 0.81733900, 0.33298138, 0.32698560, 0.74158514, 0.23276785, 0.06632448, 0.72015876),
( 0.14292300, 0.44328699, 1.30198395, 0.25985843, 0.38009828, 0.81126624, 0.24008654, 0.15109242, 0.74477202),
( -0.31732199, 0.24662299, 0.71656698, 0.16223866, 0.41711241, 0.82225239, 0.21905546, 0.22295938, 0.76570380),
( -0.16616400, -0.06533100, 1.33669293, 0.07476529, 0.41674748, 0.89038342, 0.18007457, 0.27531245, 0.79938680),
( -0.64153701, 0.19605400, 0.71858001, -0.07327846, 0.45608553, 0.86934024, 0.11162968, 0.32414943, 0.81828517),
( -0.64611197, 0.05282600, 0.77567601, -0.18961903, 0.49854118, 0.85555440, 0.03024547, 0.37126243, 0.82835370),
( -0.63476598, -0.61183000, 0.80483401, -0.28611842, 0.37178287, 0.83988953, -0.05522220, 0.37140304, 0.83147019),
( -0.77280897, -0.30103499, 0.70064598, -0.37135634, 0.27065602, 0.83193970, -0.14062780, 0.34418562, 0.83159703),
( -0.33312100, -0.56315202, 0.62573797, -0.40664679, 0.10866294, 0.83548814, -0.21249448, 0.28055769, 0.83264822),
( -0.00262300, -0.53716600, 0.86131996, -0.38375509, -0.01170801, 0.85858381, -0.25876158, 0.20160030, 0.83965486),
( 0.07374900, -0.87242198, 0.53856897, -0.33651686, -0.20525499, 0.83111364, -0.27976766, 0.09168582, 0.83734739),
( 0.31323498, -0.82203597, 0.72278899, -0.31933445, -0.33329353, 0.77384531, -0.29045686, -0.02312499, 0.82019192),
( -0.10675000, -0.44902098, 0.69387501, -0.29805475, -0.40370160, 0.77164590, -0.29250947, -0.12594011, 0.80707693),
( 0.25876200, 0.19025899, 0.74371201, -0.25476685, -0.37768286, 0.71279782, -0.28231308, -0.19394998, 0.78160685),
( 0.96074998, 0.40290499, 0.88327998, -0.09201724, -0.35649943, 0.72885484, -0.23090348, -0.23786372, 0.76735556),
( 0.85302401, -0.18708700, 0.85747701, 0.06019655, -0.38056436, 0.73676479, -0.15226100, -0.27641517, 0.75909126),
( 0.76677001, -0.05270400, 0.96099401, 0.20261379, -0.32373887, 0.75196475, -0.05638938, -0.28919995, 0.75716597),
( 0.73565996, 0.24314600, 0.94592696, 0.35587636, -0.26842004, 0.77598095, 0.05498676, -0.28358611, 0.76224893),
( 0.13816500, -0.54442501, 0.81941301, 0.40371814, -0.26647082, 0.79509890, 0.14919871, -0.27896231, 0.77112353),
( 0.28419900, -0.39723200, 0.63244796, 0.43290645, -0.25222817, 0.77236235, 0.22584412, -0.27173993, 0.77145821),
( -0.07734800, -0.09333000, 0.53332299, 0.41768494, -0.17335704, 0.77177489, 0.27767110, -0.24516118, 0.77154374),
( 0.26016501, 0.35014001, 1.28185403, 0.41239867, -0.05472992, 0.82704198, 0.31406859, -0.19371499, 0.78653693),
( -0.25314999, 0.88315797, 1.56184399, 0.39761266, 0.08004923, 0.91291225, 0.33663854, -0.11975589, 0.82067800),
( -0.46549100, 0.14097099, 0.79397601, 0.32403642, 0.07493665, 0.91800612, 0.33323401, -0.06715849, 0.84697181),
( -0.15158500, 0.66898698, 1.06133902, 0.21107474, 0.10168326, 0.93578374, 0.30023193, -0.02154484, 0.87096488),
( 0.02635200, 0.61250097, 1.19761300, 0.12718835, 0.18248212, 0.96951658, 0.25348315, 0.03357431, 0.89758921),
( -0.29273900, 0.27693999, 0.93031096, 0.01963333, 0.21569791, 0.96659583, 0.19030717, 0.08277613, 0.91623175),
( -0.46067199, 0.18129200, 0.82953900, -0.10186829, 0.20925677, 0.95524865, 0.11137415, 0.11694566, 0.92677242),
( -0.93494695, 0.05904800, 0.44456798, -0.21071005, 0.27023944, 0.91819704, 0.02436111, 0.15835893, 0.92445570),
( -0.92091697, -0.20819299, 0.91615897, -0.33312330, 0.28915727, 0.94646585, -0.07221551, 0.19369492, 0.93040186),
( -0.60023999, -0.21770899, 0.62226099, -0.38626549, 0.27646831, 0.95537043, -0.15705806, 0.21605666, 0.93714726),
( -0.36917201, -0.18495199, 0.64159799, -0.45017615, 0.22225590, 0.89208621, -0.23624574, 0.21773142, 0.92497373),
( 0.05154500, -1.20737302, 0.65459096, -0.41942763, 0.01071209, 0.80238783, -0.28573346, 0.16180386, 0.89185637),
( -0.00707600, -0.65696996, 0.88010800, -0.37300754, -0.07002807, 0.81094629, -0.30931109, 0.09917302, 0.86999804),
( 0.13694499, 0.64208597, 0.67337900, -0.34364873, -0.07266127, 0.77246559, -0.31858763, 0.05275093, 0.84364903),
( 0.71254098, -0.11773000, 0.83923799, -0.27401713, -0.14645703, 0.73693848, -0.30654663, -0.00106634, 0.81482053),
( 0.69997501, 0.10711600, 1.09842694, -0.17324126, -0.16351521, 0.75346822, -0.27053335, -0.04495291, 0.79824585),
( 0.32696000, -0.18635499, 1.11282301, -0.09334387, -0.20065197, 0.78146273, -0.22266452, -0.08701598, 0.79371178),
( 0.43639401, -0.03483100, 1.09183896, 0.04582923, -0.21001458, 0.84540427, -0.15012927, -0.12024482, 0.80767685),
( 0.40967599, -0.04965400, 0.87461799, 0.18100639, -0.19374295, 0.84107190, -0.06067092, -0.14010079, 0.81669873),
( 0.00427000, -0.41187200, 0.64123201, 0.24237147, -0.21331052, 0.84288418, 0.02119786, -0.15987885, 0.82377291),
( 0.54643798, 0.18568400, 0.44725201, 0.33545622, -0.17560950, 0.82344830, 0.10609671, -0.16412859, 0.82368523),
( 0.30682999, 0.28468698, 0.62598199, 0.36162743, -0.02447217, 0.82040298, 0.17512992, -0.12639953, 0.82279849),
( 0.03050000, 0.59871501, 1.05950904, 0.36561772, 0.10266986, 0.83802813, 0.22659138, -0.06451502, 0.82691288),
( -1.14094400, 0.01952000, 1.10836995, 0.23566099, 0.03937148, 0.88139105, 0.22904159, -0.03644944, 0.84163052),
( -0.42925701, 0.63452196, 1.14112699, 0.11976602, 0.11533101, 0.91138649, 0.19952011, 0.00455499, 0.86047554),
( 0.04172400, 0.22673699, 1.10092795, 0.05292749, 0.12733904, 0.91171849, 0.15991721, 0.03772586, 0.87431914),
( -0.62335896, 0.12657499, 0.87095797, -0.04350858, 0.15890415, 0.88785851, 0.10496047, 0.07046293, 0.87797689),
( -0.54076499, 0.35703298, 0.79635501, -0.14265016, 0.19846442, 0.85868061, 0.03806692, 0.10504333, 0.87276387),
( -0.52368498, -0.03757600, 0.93256795, -0.23745647, 0.19953179, 0.86456001, -0.03636743, 0.13056998, 0.87054753),
( -0.54851198, -0.14823000, 0.79440296, -0.29358214, 0.22612350, 0.87978870, -0.10585558, 0.15638435, 0.87304407),
( -0.51264399, -0.12566000, 0.73547697, -0.40124354, 0.19439287, 0.90854090, -0.18565647, 0.16665259, 0.88263375),
( -0.46439299, -0.78836399, 0.68997097, -0.47975594, 0.08560000, 0.91512012, -0.26510927, 0.14475574, 0.89141017),
( -0.49776000, -1.39281297, 0.69198400, -0.53367347, -0.11611368, 0.87901294, -0.33766356, 0.07428025, 0.88806099),
( 0.34324700, 0.25022200, 1.11312795, -0.38289109, -0.09251529, 0.87923688, -0.34988207, 0.02921940, 0.88567710),
( 0.52203798, -0.21038900, 0.92451596, -0.28637257, -0.17789818, 0.85773027, -0.33272457, -0.02673470, 0.87812710),
( 0.69411898, -0.20563100, 1.16851592, -0.22018918, -0.22158554, 0.86438018, -0.30232245, -0.07937486, 0.87441331),
( 0.50758100, 0.01098000, 1.02754498, -0.10536362, -0.23312883, 0.87974060, -0.24911280, -0.12091246, 0.87585253),
( 0.26053101, -0.28602898, 0.96648401, -0.02410554, -0.29814020, 0.89655304, -0.18832569, -0.16879162, 0.88144487),
( 0.10199200, -0.73358601, 1.06554794, 0.03931234, -0.36853704, 0.90971673, -0.12682787, -0.22275409, 0.88908267),
( -0.19269900, -0.27431700, 0.62573797, 0.07545652, -0.38122892, 0.89296627, -0.07217948, -0.26556706, 0.89013183),
( 0.10309000, 0.32244599, 0.66300899, 0.13807774, -0.33574486, 0.88564241, -0.01537719, -0.28452602, 0.88891900),
( 0.41303098, 1.51932693, 0.59371299, 0.22757861, -0.10190562, 0.87570727, 0.05025883, -0.23518999, 0.88534975),
( -0.27657399, 0.59023601, 0.95477200, 0.25032151, 0.09891248, 0.90148324, 0.10430700, -0.14493014, 0.88970834),
( -0.20245899, 0.92945701, 0.74706697, 0.19505812, 0.16765037, 0.86521482, 0.12882398, -0.06048457, 0.88309127),
( -0.30756199, 0.63433897, 0.95708996, 0.11092731, 0.25305542, 0.86846811, 0.12398908, 0.02422020, 0.87914073),
( -0.25656599, 0.31402799, 0.95965201, 0.01448214, 0.30555105, 0.84785426, 0.09440510, 0.10022347, 0.87068850),
( -0.31299099, 0.10607900, 0.95593101, -0.06883590, 0.31505853, 0.84086943, 0.05030453, 0.15826249, 0.86263269),
( -0.26864401, 0.13718900, 0.50184697, -0.12244646, 0.35788494, 0.79486072, 0.00363478, 0.21219173, 0.84432369),
( -0.64672196, 0.51038700, 0.46488100, -0.19820394, 0.48380566, 0.73531133, -0.05089320, 0.28556991, 0.81487334),
( -0.53192002, 0.35715500, 0.75225198, -0.23257597, 0.54768282, 0.74782431, -0.09997593, 0.35638133, 0.79675961),
( -0.26352000, 0.55632001, 0.94037598, -0.26981574, 0.57127541, 0.77533460, -0.14585921, 0.41443631, 0.79097152),
( -0.30554900, 0.59322500, 0.92872500, -0.34299815, 0.47734037, 0.80874318, -0.19911751, 0.43143022, 0.79577267),
( -0.31878600, 0.52844298, 0.82148701, -0.34727561, 0.47109160, 0.79555011, -0.23914334, 0.44214499, 0.79571253),
( -0.40241700, 0.05923100, 1.28862500, -0.36780441, 0.38287368, 0.84934062, -0.27390194, 0.42613247, 0.81020051),
( -0.47549498, -0.14633900, 1.02748394, -0.38499612, 0.30378348, 0.85643089, -0.30391473, 0.39307913, 0.82268995),
( -0.54192400, -0.56760502, 0.26120201, -0.41401616, 0.21454027, 0.78736961, -0.33365932, 0.34484574, 0.81314796),
( 0.47403100, -1.20267594, -0.08960900, -0.33413333, 0.08225594, 0.68380684, -0.33378738, 0.27390549, 0.77820563),
( -0.64476997, -1.04127002, -0.52868700, -0.37237045, -0.03702141, 0.58188891, -0.34421083, 0.18990666, 0.72516948),
( -0.20209299, -0.64812499, -0.45048499, -0.32725915, -0.15416113, 0.49125800, -0.33963123, 0.09695461, 0.66197681),
( -0.52874798, -1.15777993, -0.48061898, -0.32699540, -0.30742770, 0.36927405, -0.33621758, -0.01229178, 0.58290136),
( -0.31457698, -0.35068899, -0.77646899, -0.33207056, -0.39908543, 0.19927327, -0.33509722, -0.11678648, 0.47926185),
( -0.39851299, -0.44896001, -0.80147898, -0.34142172, -0.50443685, 0.02797087, -0.33680582, -0.22151263, 0.35734278),
( -0.06941800, -0.36380398, -0.71223599, -0.31600815, -0.59457290, -0.12393160, -0.33118719, -0.32229719, 0.22732352),
( -0.26839998, -0.01427400, -0.92756599, -0.30207843, -0.60173863, -0.34353378, -0.32332328, -0.39779001, 0.07310288),
( -0.35007900, 0.18891700, -1.02754498, -0.28898093, -0.56753123, -0.54721320, -0.31404549, -0.44364667, -0.09447937),
( -0.05782800, 0.25498000, -0.89633399, -0.23950875, -0.48402113, -0.66207457, -0.29390892, -0.45455408, -0.24781872),
( 0.19849400, 0.52643001, -0.77299201, -0.26711684, -0.30888838, -0.72994643, -0.28667086, -0.41520157, -0.37806851),
( 0.16232100, 0.62988597, -0.69924301, -0.18485007, -0.13951039, -0.74715930, -0.25916335, -0.34072191, -0.47778067),
( 0.25150299, 0.69241101, -0.75133699, -0.13852048, -0.00365399, -0.77719170, -0.22657093, -0.24966092, -0.55866843),
( 0.36563399, 0.63226497, -0.83600497, -0.04734128, 0.17779855, -0.81274509, -0.17815094, -0.13418010, -0.62730885),
( 0.24369499, 0.41961899, -0.69137400, 0.00947160, 0.25588298, -0.80448568, -0.12746355, -0.02880214, -0.67517430),
( 0.59426200, 0.65349299, -0.47031000, 0.11043248, 0.36764291, -0.77194709, -0.06319446, 0.07829995, -0.70131809),
( 0.99265295, 0.42510900, 0.54936600, 0.21824320, 0.44755563, -0.64719081, 0.01283767, 0.17805666, -0.68669528),
( 0.66849899, 0.36862299, 0.72120297, 0.31321806, 0.48628855, -0.48400658, 0.09398729, 0.26132742, -0.63193768),
( 0.35398299, 0.21892899, 0.85759896, 0.38445258, 0.48922205, -0.29732570, 0.17245829, 0.32289457, -0.54154021),
( 0.24461000, 0.00219600, 1.03096104, 0.41484356, 0.46344918, -0.10637592, 0.23794018, 0.36086628, -0.42397788),
( 0.06514800, -0.18574500, 1.10080600, 0.40090743, 0.39109290, 0.07939111, 0.28196681, 0.36903217, -0.28798962),
( -0.62585998, -0.83783495, 0.63092297, 0.32042131, 0.24218464, 0.21147728, 0.29235554, 0.33476353, -0.15305553),
( -0.47982600, -0.59133399, 0.62848300, 0.24573150, 0.11191001, 0.34845370, 0.27975976, 0.27455828, -0.01756970),
( -0.55516100, -0.73669696, 0.52783298, 0.15178677, -0.02702248, 0.48388463, 0.24518707, 0.19308436, 0.11790130),
( -0.75822997, -0.73602599, 0.53423798, 0.04965645, -0.14435041, 0.60560673, 0.19236326, 0.10192426, 0.24965796),
( -0.71449298, -0.77970201, 0.30072999, -0.08361468, -0.28978083, 0.68236554, 0.11780611, -0.00389730, 0.36655658),
( -0.89322299, -0.45316899, 0.17287400, -0.27524352, -0.37897703, 0.64544308, 0.01162131, -0.10522741, 0.44189951),
( -0.64751500, -0.32415399, 0.26077500, -0.40895057, -0.44928780, 0.60009754, -0.10199878, -0.19817746, 0.48463768),
( -1.10001302, -0.02647400, 0.10534700, -0.55655724, -0.47428361, 0.52580559, -0.22480057, -0.27276924, 0.49575946),
( -0.60957301, 0.36905000, -0.58529496, -0.64301592, -0.43708357, 0.36574382, -0.33778405, -0.31715977, 0.46063492),
( -1.33760798, -0.01683600, -0.25491899, -0.78526241, -0.42004615, 0.23160128, -0.45867312, -0.34495518, 0.39876005),
( -0.60627902, 0.34574801, -0.37899300, -0.78293443, -0.30007082, 0.13139418, -0.54627430, -0.33282939, 0.32652950),
( -0.32439798, 0.73029196, -0.62012601, -0.76675123, -0.16606729, 0.00750007, -0.60583752, -0.28777757, 0.24034172),
( -0.02446100, 1.03565800, -0.43584499, -0.71242285, 0.01360617, -0.08826969, -0.63463223, -0.20635688, 0.15156531),
( 0.21746500, 1.07317293, -0.86607796, -0.61282641, 0.19713220, -0.22737405, -0.62874126, -0.09735180, 0.04919250),
( 0.22893299, 1.10068393, -0.50398201, -0.51658463, 0.38779292, -0.30746660, -0.59844148, 0.03371306, -0.04716117),
( 0.14792500, 0.72748601, -0.45890298, -0.41055483, 0.50759113, -0.37035751, -0.54768276, 0.16173416, -0.13447466),
( 0.11651000, 0.57821900, -0.86613899, -0.33264261, 0.59922206, -0.48223558, -0.48958832, 0.27992424, -0.22842443),
( 0.22246699, 0.44383600, -1.19395292, -0.19805263, 0.64720935, -0.61122751, -0.41082814, 0.37914860, -0.33184105),
( 0.44664198, 0.33489001, -0.64995497, -0.09077082, 0.64392626, -0.61778748, -0.32436267, 0.45067993, -0.40909126),
( -0.43072098, -0.31915200, -1.14295697, 0.00142373, 0.61355972, -0.70587850, -0.23634945, 0.49468291, -0.48927018),
( -0.47842300, -0.16701800, -0.80495596, 0.01439132, 0.56170428, -0.74804461, -0.16861027, 0.51278913, -0.55917972),
( -0.34489399, -0.31567499, -0.68582296, 0.01215239, 0.45578879, -0.75443017, -0.11977612, 0.49739012, -0.61192787),
( -0.19544400, -0.53387201, -0.23814400, -0.00549396, 0.29680043, -0.73463404, -0.08890209, 0.44319957, -0.64507771),
( -0.71315098, -1.02900898, 0.05209400, -0.10048693, 0.08366849, -0.64327562, -0.09203181, 0.34607002, -0.64459085),
( -0.66544896, -0.92982298, 0.71150398, -0.19183247, -0.12223389, -0.52247155, -0.11899357, 0.21955481, -0.61159956),
( -0.49965099, -0.63824296, 0.74493200, -0.25800255, -0.26077685, -0.40293556, -0.15654771, 0.08979023, -0.55522770),
( -0.23521599, -0.45939100, 0.71992201, -0.29412824, -0.36608997, -0.24560872, -0.19371594, -0.03336863, -0.47158220),
( -0.26345900, -0.45213199, 0.95166099, -0.34394497, -0.45714578, -0.03283516, -0.23430125, -0.14785466, -0.35305196),
( 0.02684000, -0.47043198, 1.06109500, -0.38696647, -0.53896153, 0.13685939, -0.27554470, -0.25351462, -0.22069937),
( 0.19086900, -0.16659100, 0.94775701, -0.32411948, -0.52365506, 0.34390718, -0.28866747, -0.32649472, -0.06816741),
( 0.63952398, -0.15792900, 0.80257696, -0.21080951, -0.52274215, 0.50302184, -0.26763365, -0.37951219, 0.08614291),
( 0.45097300, -0.05081300, 0.69722998, -0.13013837, -0.49595389, 0.63991225, -0.23048845, -0.41096964, 0.23574713),
( 0.86888397, 0.06862500, 0.21569599, -0.02200802, -0.43482471, 0.68465292, -0.17416617, -0.41741425, 0.35702181),
( 0.73169500, 0.30036399, 0.36465800, 0.12490781, -0.30001140, 0.71525455, -0.09336948, -0.38569713, 0.45380062),
( 0.68204099, -0.08613200, -0.91597599, 0.26214644, -0.21417184, 0.55369806, 0.00267536, -0.33935851, 0.48078853),
( 0.52008599, 0.38588598, -0.49672300, 0.36606729, -0.11015713, 0.43039885, 0.10084794, -0.27743834, 0.46717545),
( 1.61094892, 0.48854899, 0.87010396, 0.55370754, -0.01388679, 0.44489527, 0.22319077, -0.20623825, 0.46115631),
( 0.19599299, 0.15664800, -1.19743001, 0.60079008, 0.04808316, 0.23181438, 0.32520157, -0.13753176, 0.39919817),
( 0.60585201, 0.04733600, -0.77860397, 0.65995556, 0.10082010, 0.04938222, 0.41563743, -0.07313953, 0.30469322),
( 0.23173900, -0.12559900, -1.06213200, 0.66441214, 0.10521015, -0.14977798, 0.48284546, -0.02495725, 0.18191500),
( 0.22301599, 0.20136100, -0.75987697, 0.62239802, 0.14170785, -0.30457297, 0.52054644, 0.02006836, 0.05048725),
( -0.06917400, -0.09070700, -0.76176798, 0.56977838, 0.13775373, -0.44905543, 0.53384674, 0.05186179, -0.08446730),
( -1.40824592, 0.76018196, -1.19261098, 0.33881474, 0.20758358, -0.58833849, 0.48115763, 0.09393100, -0.22059123),
( -0.65044296, 0.76445198, -0.77171099, 0.19867681, 0.25449020, -0.70078337, 0.40484369, 0.13730706, -0.35031810),
( -0.65154099, 0.59023601, -0.72663200, 0.06330734, 0.32274771, -0.68190217, 0.31257552, 0.18740501, -0.43989760),
( -0.64043897, 0.01720200, -0.59749496, -0.05460873, 0.28523937, -0.69167185, 0.21337841, 0.21383557, -0.50791597),
( -0.58572197, 0.18013300, -0.35514200, -0.27758718, 0.25379872, -0.81271255, 0.08074101, 0.22463186, -0.59025866),
( -0.98411298, 0.14365500, -0.08375300, -0.39761597, 0.25216579, -0.70218712, -0.04849010, 0.23207033, -0.62049681),
( -1.13545394, -0.24845299, -0.14609499, -0.57461822, 0.22186165, -0.63922185, -0.19062687, 0.22931239, -0.62555552),
( -0.87535000, -0.03068300, 0.34824899, -0.68725765, 0.23113346, -0.49932089, -0.32479477, 0.22980437, -0.59145242),
( -1.03779292, 0.29658198, 0.73376900, -0.81552255, 0.24040195, -0.35114679, -0.45736793, 0.23266737, -0.52653235),
( -0.73431796, 0.22753000, 0.89371097, -0.88327533, 0.27233052, -0.18705192, -0.57242948, 0.24338262, -0.43481961),
( -0.11986500, 0.21978299, 0.98136801, -0.75282669, 0.21756129, 0.02822713, -0.62116492, 0.23640683, -0.30972466),
( 0.50196898, -0.41510499, 1.06731701, -0.63624036, 0.09808484, 0.21041176, -0.62523764, 0.19903828, -0.16920657),
( 0.49208698, 0.38899699, 0.82539099, -0.52034742, 0.07770943, 0.36404672, -0.59690088, 0.16626054, -0.02514488),
( 0.46195298, 0.04514000, 0.93933898, -0.40860382, 0.08053678, 0.51615632, -0.54603124, 0.14310174, 0.12109099),
( 0.62695801, 0.03477000, 0.60505897, -0.28560033, 0.06589913, 0.61113405, -0.47567421, 0.12224497, 0.25347915),
( 0.88419497, 0.08143499, 0.34111199, -0.09591316, 0.05984752, 0.65296096, -0.37307942, 0.10538791, 0.36140165),
( 0.94733000, -0.07173600, 0.21807499, 0.11560510, 0.07803309, 0.68871439, -0.24105826, 0.09799784, 0.44982722),
( 0.06466000, -0.56004101, 0.03153700, 0.21104267, 0.02461441, 0.65725446, -0.11892039, 0.07817285, 0.50586498),
( 0.56644601, -0.18995400, -0.53472596, 0.37409309, -0.02425178, 0.53138357, 0.01427026, 0.05050220, 0.51275897),
( 0.17604600, 0.19507800, -0.75951099, 0.46679768, -0.02720148, 0.36744279, 0.13652335, 0.02951007, 0.47350091),
( 0.60926801, -0.09595300, -0.93616700, 0.54108912, -0.05883625, 0.17737235, 0.24581930, 0.00564276, 0.39349994),
( 0.27663499, -0.05502200, -0.88937998, 0.51855093, -0.02218214, -0.01651459, 0.31949943, -0.00187431, 0.28273198),
( -0.77726197, 0.28737098, -1.18974400, 0.38990921, -0.03244281, -0.21598320, 0.33852106, -0.01013258, 0.14800099),
( -0.69698596, -0.10010100, -0.88553697, 0.27244636, -0.04712453, -0.39661136, 0.32067057, -0.02012618, 0.00087058),
( -0.99692297, 0.17330100, -0.81123900, 0.10774481, -0.03319161, -0.53671938, 0.26314735, -0.02365589, -0.14436269),
( -0.95672399, 0.15835600, -0.42071700, -0.07910807, -0.02560795, -0.61194009, 0.17068493, -0.02418325, -0.27068162),
( -1.40312195, 0.00408700, -0.45926899, -0.31772593, -0.01822660, -0.67871368, 0.03873771, -0.02257402, -0.38091400),
( -0.99802101, -0.06051200, 0.33714700, -0.42562598, 0.03215316, -0.64833212, -0.08671302, -0.00778914, -0.45315868),
( -0.54814601, -0.15292700, 0.68118697, -0.53900784, 0.03558413, -0.52769214, -0.20890328, 0.00392842, -0.47329435),
( -0.29780200, 0.06350100, 0.90103096, -0.58740366, 0.02199228, -0.36307201, -0.31115749, 0.00880848, -0.44351709),
( -0.84466696, -0.31732199, 0.64794201, -0.73534793, -0.00083994, -0.20586908, -0.42575517, 0.00620190, -0.37931502),
( 0.98502797, 1.78162694, -0.00872300, -0.66323572, 0.18515930, -0.11892717, -0.48991200, 0.05454835, -0.30896962),
( 0.64971101, 0.57089901, 0.40741900, -0.51849329, 0.21391372, 0.03908226, -0.49763343, 0.09760189, -0.21494125),
( 0.57864600, 0.70668501, 0.31585801, -0.38897982, 0.29567748, 0.15783910, -0.46827999, 0.15111324, -0.11423232),
( 0.73742896, 0.24918500, 0.19471200, -0.21296263, 0.30352235, 0.25724676, -0.39930442, 0.19228750, -0.01387494),
( 0.74432200, 0.33318201, -0.48226598, -0.04015373, 0.32150474, 0.25087494, -0.30227762, 0.22719634, 0.05764888),
( 0.71321201, 0.21173100, -0.58303797, 0.17484966, 0.34288391, 0.23827246, -0.17337874, 0.25845006, 0.10644546),
( 0.35599598, 0.18757500, -0.91451198, 0.31260023, 0.36836734, 0.11402202, -0.04208850, 0.28814489, 0.10849231),
( 0.04367600, 0.19404100, -0.91512197, 0.37300324, 0.40378213, -0.04427605, 0.07005111, 0.31938499, 0.06722099),
( 0.37124598, 0.07198000, -0.84661901, 0.44121847, 0.40494972, -0.21754202, 0.17032428, 0.34250084, -0.00970950),
( -0.41681299, -1.16083002, -0.84106797, 0.48476163, 0.31977251, -0.36504632, 0.25527146, 0.33636063, -0.10570595),
( -0.14810799, -0.51209497, -0.93958300, 0.36944360, 0.08742585, -0.45684648, 0.28611577, 0.26910937, -0.20056874),
( -0.34263700, -0.64635599, -0.41193300, 0.26858035, -0.03590294, -0.53774327, 0.28137848, 0.18670841, -0.29165852),
( -0.18665999, -0.86864001, -0.19953099, 0.19067495, -0.19549057, -0.58851445, 0.25687435, 0.08345497, -0.37185600),
( -0.28535798, -1.01754093, 0.26223901, 0.08658026, -0.32393652, -0.58152485, 0.21086834, -0.02660436, -0.42849934),
( -0.28938401, -1.06621897, 0.40778500, -0.01876699, -0.46591464, -0.49301872, 0.14883094, -0.14528677, -0.44592965),
( 0.11882800, -0.93287301, 0.66557097, -0.07950584, -0.58206213, -0.36907983, 0.08714434, -0.26328436, -0.42516819),
( 0.03769800, -0.28956699, 0.39424300, -0.11210559, -0.63058203, -0.23929963, 0.03331573, -0.36251211, -0.37495464),
( -0.49001300, -0.15896599, 0.94208395, -0.16664393, -0.66662920, -0.05515860, -0.02070461, -0.44467124, -0.28855976),
( -0.46305099, -0.12303700, 0.59987396, -0.25162813, -0.68667811, 0.08831347, -0.08309004, -0.51005089, -0.18674512),
( -0.05648600, 0.22850600, 0.50093198, -0.21500829, -0.54608488, 0.22107092, -0.11872857, -0.51978570, -0.07657108),
( 0.11846200, 0.07838500, 0.96837497, -0.18812285, -0.48646814, 0.41001248, -0.13747586, -0.51078475, 0.05488248),
( 0.45872000, 0.49690598, 1.14997196, -0.10678047, -0.37074861, 0.56452203, -0.12918331, -0.47295311, 0.19256477),
( 0.49367300, 0.56174898, 1.05737400, -0.03763904, -0.22593722, 0.68879545, -0.10445206, -0.40622023, 0.32662457),
( 0.32299501, 0.15146300, 0.93311697, 0.02423694, -0.10753870, 0.75504357, -0.06968593, -0.32552955, 0.44236463),
( 0.50117600, 0.06764900, 0.95782197, 0.10463174, 0.00734487, 0.80929506, -0.02259293, -0.23560145, 0.54149318),
( 0.20038499, 0.24107200, 0.89712697, 0.11306826, 0.12621048, 0.83209085, 0.01405678, -0.13785571, 0.61999995),
( 0.43511298, 0.45786598, 0.78586298, 0.15349397, 0.20191732, 0.87074882, 0.05172660, -0.04606391, 0.68774128),
( -0.05496100, 0.60152102, 0.53149301, 0.19786380, 0.27904490, 0.82991284, 0.09120648, 0.04176625, 0.72614980),
( 0.26614299, 0.38558099, 0.91926998, 0.27196029, 0.33062947, 0.86139280, 0.14003824, 0.11980444, 0.76268655),
( -0.04062600, 0.56632400, 0.56522602, 0.27361551, 0.36483365, 0.86772186, 0.17612496, 0.18600060, 0.79106247),
( 0.48690200, 0.41412899, 0.41931400, 0.31117249, 0.39895508, 0.81322467, 0.21260889, 0.24353157, 0.79704970),
( 0.22509000, 0.97813499, 0.36490199, 0.28763676, 0.44774017, 0.73541534, 0.23287813, 0.29869980, 0.78039879),
( 0.11321600, 1.12532794, -0.02952400, 0.24924615, 0.50487590, 0.62771171, 0.23730005, 0.35439956, 0.73914945),
( 0.25992098, 1.14582396, -0.15451300, 0.24316037, 0.60568547, 0.51983857, 0.23888326, 0.42228600, 0.67990124),
( -0.09619700, 1.03931797, -0.17927900, 0.18281063, 0.70411760, 0.40714565, 0.22373489, 0.49842456, 0.60621464),
( 0.30066898, 0.74798197, -0.14164200, 0.19323173, 0.75558591, 0.30414587, 0.21549428, 0.56789827, 0.52460891),
( 0.19215000, 0.80391896, -0.37887099, 0.16878296, 0.79072487, 0.18873462, 0.20287493, 0.62809628, 0.43387038),
( 0.25943300, 0.86656600, -0.54735297, 0.20091812, 0.81773967, 0.08176001, 0.20234628, 0.67932963, 0.33874556),
( 0.32580099, 0.71638399, -0.67490399, 0.20726743, 0.85143220, -0.07624547, 0.20367576, 0.72582424, 0.22663316),
( 0.41742298, 0.66056901, -0.41705698, 0.25395173, 0.86116278, -0.17365378, 0.21725813, 0.76238680, 0.11849316),
( 0.42364499, -0.00366000, -0.70808798, 0.24762782, 0.81897563, -0.28530437, 0.22546269, 0.77767462, 0.00940475),
( 0.31158799, 0.11681500, -0.85936797, 0.25645790, 0.73190963, -0.40652412, 0.23383623, 0.76531094, -0.10296101),
( 0.22917700, -0.45627999, -0.91567099, 0.26811516, 0.57186931, -0.49416208, 0.24309690, 0.71305150, -0.20864642),
( 0.01775100, -0.50709301, -0.80544400, 0.24335143, 0.40452352, -0.55843222, 0.24316567, 0.62970078, -0.30314323),
( -0.18495199, -0.92396700, -0.24479300, 0.23403311, 0.20570517, -0.56468332, 0.24069846, 0.51515573, -0.37379992),
( -0.30048600, -1.09501100, 0.17275199, 0.17263404, 0.01894236, -0.53322905, 0.22231042, 0.38110062, -0.41687068),
( -0.23905900, -1.18211901, 0.43773600, 0.12839849, -0.18233679, -0.45202190, 0.19693953, 0.22888452, -0.42636701),
( 0.31457698, -0.99368995, 0.16750599, 0.13359606, -0.37078929, -0.38098329, 0.17982690, 0.06687891, -0.41410631),
( 0.05154500, -0.68075997, 0.53130996, 0.10533798, -0.51245415, -0.26126343, 0.15970325, -0.08963151, -0.37281486),
( -0.18751399, -0.43407598, 0.87327600, 0.04352905, -0.62354910, -0.13319451, 0.12831807, -0.23387265, -0.30807993),
( -0.30811098, -0.18031600, 0.71113801, -0.03103326, -0.64171910, 0.00755840, 0.08526832, -0.34405491, -0.22280827),
( 0.36404800, 0.14377700, 0.97246200, -0.02597319, -0.63919234, 0.18905392, 0.05521573, -0.42378813, -0.11154114),
( -0.01159000, 0.18013300, 0.21459800, -0.05049396, -0.57491517, 0.30100855, 0.02665761, -0.46461603, -0.00008828),
( 0.63208199, 0.55040300, 0.56534797, 0.01186730, -0.46788850, 0.43661946, 0.02266191, -0.46550012, 0.11789102),
( 1.02089596, 0.99533701, 0.90444696, 0.13447829, -0.27347085, 0.55009019, 0.05286980, -0.41362223, 0.23465231),
( 0.32726499, 0.86882299, -0.09095100, 0.19859043, -0.07447275, 0.52364075, 0.09223713, -0.32199889, 0.31272432),
( 0.33397499, 1.39378893, 0.59108996, 0.25718072, 0.18644994, 0.53845257, 0.13679767, -0.18463829, 0.37370622),
( 0.51337600, 0.91579300, 0.15975900, 0.27767831, 0.37984616, 0.53743452, 0.17485745, -0.03213931, 0.41793844),
( 0.34519899, 0.62433499, 0.00719800, 0.30779046, 0.51211393, 0.48530835, 0.21077013, 0.11489408, 0.43613884),
( 0.23680200, 0.98362499, -0.61555099, 0.35133514, 0.65591717, 0.33756119, 0.24874464, 0.26105481, 0.40950748),
( 0.32439798, 0.47860599, -0.59609199, 0.41587749, 0.72289497, 0.20786431, 0.29389662, 0.38582379, 0.35503232),
( 0.38960698, -0.11126400, -0.60896301, 0.41866797, 0.69725531, 0.05119488, 0.32760438, 0.46995893, 0.27294874),
( -0.34495500, -0.36355999, -0.76689196, 0.38486800, 0.64225858, -0.04594333, 0.34307450, 0.51650673, 0.18679807),
( 0.73517197, -1.32638395, -0.17439900, 0.39514908, 0.45230803, -0.11903922, 0.35714278, 0.49916306, 0.10417423),
( 0.17708300, -1.62784600, 0.30323100, 0.30911535, 0.18660660, -0.17818163, 0.34416786, 0.41472399, 0.02789404),
( 0.33848900, -1.09177792, -0.33226699, 0.30997831, -0.01190374, -0.20186725, 0.33493134, 0.29946786, -0.03417740),
( 0.60512000, -0.96227497, -0.27449998, 0.33727065, -0.25034684, -0.28740185, 0.33556333, 0.15093201, -0.10258756),
( 0.13779899, -0.84411800, -0.04977600, 0.29887426, -0.42859975, -0.30790412, 0.32565156, -0.00563209, -0.15805511),
( -0.13664000, -0.46884599, -0.16842100, 0.24978645, -0.53935719, -0.32510716, 0.30515614, -0.14982124, -0.20318526),
( 0.52563697, -0.58114702, 0.72284997, 0.27867395, -0.69792235, -0.19235401, 0.29800183, -0.29789415, -0.20025913),
( 0.51246101, -0.42279100, 0.72345996, 0.29743499, -0.78932476, -0.06153019, 0.29784870, -0.43065718, -0.16278064),
( 0.30500001, 0.16463900, 0.88626897, 0.28866321, -0.76157194, 0.08660518, 0.29536718, -0.52005583, -0.09540752),
( 0.54369301, 0.89572400, 0.74956799, 0.37889686, -0.63408428, 0.23658538, 0.31793323, -0.55086130, -0.00571758),
( -0.08637600, 0.80922598, 1.39342296, 0.29556152, -0.41813445, 0.39180776, 0.31188938, -0.51500434, 0.10167636),
( -0.00707600, 0.26760700, 0.74926299, 0.27709308, -0.22627263, 0.43581089, 0.30248895, -0.43700168, 0.19194487),
( 0.17641200, 0.76981997, 0.76762396, 0.26076478, -0.03791125, 0.54460222, 0.29121691, -0.32918492, 0.28721744),
( 0.30969700, 1.07738197, 0.63177699, 0.23095004, 0.16848235, 0.63420844, 0.27493545, -0.19473702, 0.38095921),
( 0.14158100, 0.72431397, 0.53527498, 0.23149753, 0.32724229, 0.69199610, 0.26320043, -0.05372106, 0.46498775),
( 0.27260900, 0.76091397, 0.09631900, 0.27322105, 0.45180851, 0.71802461, 0.26590756, 0.08285089, 0.53334725),
( -0.31445500, 0.72724199, -0.49574700, 0.18828471, 0.58430922, 0.59725386, 0.24493726, 0.21832298, 0.55061203),
( -0.52819902, 0.24753800, -0.86803001, 0.08293071, 0.65220797, 0.43963870, 0.20117018, 0.33553970, 0.52063191),
( -0.28340599, 0.22753000, -1.05273795, 0.02346597, 0.65870696, 0.24759297, 0.15316229, 0.42284533, 0.44686875),
( -0.46170899, 0.27675700, -0.96703297, -0.07849417, 0.59606540, 0.07772513, 0.09057885, 0.46964180, 0.34714231),
( 0.37868798, 0.34312499, -1.31156099, -0.03093055, 0.54925287, -0.19031283, 0.05775233, 0.49114922, 0.20194547),
( 0.73785597, -0.38478801, -0.74359000, 0.04484864, 0.48347980, -0.33826715, 0.05426632, 0.48907727, 0.05600367),
( 0.49916300, -0.55046397, -0.46475899, 0.07760239, 0.34997547, -0.46027288, 0.06057071, 0.45149806, -0.08347163),
( 0.49885800, -0.61304998, -0.23265399, 0.09667385, 0.17892429, -0.54575741, 0.07032419, 0.37786058, -0.20836100),
( 0.64092702, -0.53375000, 0.21606199, 0.14723809, 0.05164326, -0.57731533, 0.09110296, 0.28973094, -0.30803630),
( 0.42065600, -0.41955799, 0.25558999, 0.16206279, -0.06789187, -0.56141943, 0.11027320, 0.19311692, -0.37648931),
( 0.89627296, -0.65221196, 0.54326600, 0.28465927, -0.20750901, -0.45848960, 0.15738468, 0.08488534, -0.39864221),
( 0.98722398, -0.04995900, 0.66087401, 0.43830284, -0.23756996, -0.30718952, 0.23327647, -0.00222796, -0.37393570),
( 0.54759699, -0.68130898, -0.26101899, 0.52244329, -0.32956234, -0.22876069, 0.31139669, -0.09065937, -0.33471578),
( 0.86925000, -0.04715300, 0.64836901, 0.65733415, -0.36233744, -0.06885953, 0.40485385, -0.16405489, -0.26289305),
( 0.53960598, 0.19806699, 0.63128901, 0.67336613, -0.37722573, 0.12364013, 0.47739410, -0.22164431, -0.15846871),
( 0.48165599, 0.13310200, 1.15552294, 0.64714456, -0.32504231, 0.31179148, 0.52325326, -0.24957792, -0.03142500),
( 0.07393200, 1.08976495, 0.58523399, 0.60406029, -0.15913403, 0.41570330, 0.54508376, -0.22514394, 0.08936949),
( 0.09400100, 0.25272301, 0.96312898, 0.56290013, -0.07166459, 0.53414732, 0.54989696, -0.18368053, 0.20952898),
( -0.10760400, 0.52045196, 0.85216999, 0.48694697, 0.03489596, 0.59716535, 0.53289062, -0.12463074, 0.31425136),
( -0.19885999, 0.65861696, 0.85918498, 0.42410627, 0.14390852, 0.65693986, 0.50350183, -0.05208320, 0.40683079),
( -0.62836099, 0.29676500, 0.15140200, 0.26946202, 0.23980848, 0.61822909, 0.44027454, 0.02677315, 0.46394137),
( -1.08793497, 0.44969198, -0.47079799, 0.05894036, 0.29020521, 0.50634849, 0.33725473, 0.09794096, 0.47539791),
( -0.88212097, -0.52362400, -0.78842497, -0.08616965, 0.30600595, 0.45428506, 0.22286402, 0.15415101, 0.46969414),
( -0.29877800, 0.14908400, -1.12636495, -0.20450859, 0.32589671, 0.27858704, 0.10740665, 0.20054917, 0.41806537),
( -0.13340700, -1.51237297, 0.12797800, -0.27306336, 0.15264001, 0.22901455, 0.00462032, 0.18760622, 0.36699212),
( -0.06844200, -0.29072601, -0.97514600, -0.32868642, 0.10987977, 0.01802860, -0.08542456, 0.16660793, 0.27271748),
( -0.25375998, -0.25711501, -0.87839997, -0.36196670, -0.02639486, -0.12679067, -0.16013412, 0.11446703, 0.16478787),
( -0.10522500, 0.25809100, -1.05255497, -0.38190097, -0.02564990, -0.32648525, -0.22004580, 0.07661358, 0.03206740),
( -0.00170800, 0.04782400, -0.90584999, -0.37095928, -0.07329027, -0.50063932, -0.26081601, 0.03611612, -0.11184663),
( -0.09857599, 0.46042800, -1.01857793, -0.36052594, -0.09312664, -0.68668902, -0.28775325, 0.00120039, -0.26714388),
( 0.00042700, 0.96428800, -0.72461897, -0.29642433, -0.02532831, -0.77366006, -0.29009581, -0.00596651, -0.40398237),
( 0.11632700, 0.81349599, -0.58889401, -0.17403416, 0.01171814, -0.78558284, -0.25874102, -0.00118889, -0.50707412),
( 0.53033400, 1.00070500, 0.65831196, -0.03054581, 0.16613725, -0.64261961, -0.19709267, 0.04401530, -0.54369259),
( 0.62128496, 0.26321501, 0.77268696, 0.06263888, 0.17762190, -0.45460263, -0.12692459, 0.08010995, -0.51962441),
( 0.68795800, 0.04977600, 0.82935596, 0.14620832, 0.33586273, -0.38540965, -0.05313604, 0.14920315, -0.48336548),
( 0.66593701, -0.37124598, 0.38064000, 0.22058320, 0.32766929, -0.25117186, 0.02081092, 0.19741689, -0.42063692),
( 0.96239698, -0.15066999, 0.50660497, 0.34391680, 0.33848232, -0.11413219, 0.10809997, 0.23552659, -0.33783278),
( 0.85314596, -0.39759800, 0.38582498, 0.44093794, 0.27207071, 0.02832263, 0.19801822, 0.24539921, -0.23891363),
( 1.73624301, -0.21014500, 0.82636696, 0.61715931, 0.24602456, 0.19973023, 0.31125179, 0.24556816, -0.12041126),
( -0.05782800, 0.22820100, -0.64708799, 0.62120569, 0.22247164, 0.23656003, 0.39498776, 0.23932849, -0.02397325),
( 0.38161600, -0.58602697, -0.68307799, 0.65966862, 0.06553525, 0.24079874, 0.46649295, 0.19237716, 0.04755655),
( 0.64184201, -0.40918800, -0.58023196, 0.71284771, -0.05819681, 0.24172027, 0.53304720, 0.12468304, 0.10001108),
( 0.44871598, 0.18464699, -0.66630298, 0.70462471, -0.14069463, 0.11057766, 0.57939994, 0.05298962, 0.10286570),
( 0.93567896, -0.10132100, -0.83789599, 0.73673844, -0.17737284, -0.04901117, 0.62190592, -0.00924423, 0.06183523),
( -0.08454600, -0.39113200, -0.29097000, 0.65837300, -0.22201505, -0.15985247, 0.63175774, -0.06672558, 0.00194492),
( -0.04276100, 0.10333399, -1.69842291, 0.58677703, -0.17382941, -0.36580542, 0.61960590, -0.09566034, -0.09740512),
( 0.16360199, 0.19629800, -1.33400893, 0.50597417, -0.13860835, -0.54810345, 0.58890760, -0.10726301, -0.21916407),
( 0.53564101, -0.49641800, -1.99774992, 0.47406465, -0.14839032, -0.78422081, 0.55788207, -0.11837381, -0.37181765),
( 0.14456999, -0.69198400, -0.26705799, 0.31248730, -0.19731127, -0.89226997, 0.49158716, -0.13969925, -0.51242107),
( -0.37728500, -1.01632094, -0.17836399, 0.27977234, -0.32344285, -0.84563524, 0.43436408, -0.18933873, -0.60244095),
( -0.51386398, -0.77451700, -0.20526500, 0.18871906, -0.34272847, -0.79813617, 0.36800155, -0.23077792, -0.65530926),
( -0.77939701, -0.54649901, -0.35154298, 0.04431072, -0.35688657, -0.77524936, 0.28055447, -0.26484695, -0.68771183),
( -1.36219096, -0.43547899, -0.32756999, -0.13976887, -0.42001182, -0.74134493, 0.16700152, -0.30676571, -0.70220113),
( -1.09775603, 0.27004701, -0.57041097, -0.34628132, -0.38276082, -0.71458173, 0.02833497, -0.32729626, -0.70554584),
( -0.93476397, -0.29566699, -0.01933700, -0.43266147, -0.37326068, -0.68755162, -0.09620608, -0.33971384, -0.70068461),
( -0.96373898, -0.01390800, 0.05093500, -0.52648234, -0.38548255, -0.51406634, -0.21244788, -0.35207856, -0.65026850),
( -0.94952595, 0.22216199, 0.02684000, -0.63973886, -0.38319856, -0.37906432, -0.32788318, -0.36048582, -0.57700098),
( -0.82874596, 0.49281898, 0.34629700, -0.77850771, -0.28351250, -0.14671643, -0.44962218, -0.33969101, -0.46075693),
( -0.60115498, 0.83661497, 0.30249900, -0.85409021, -0.12890406, -0.09034789, -0.55889171, -0.28274560, -0.36068863),
( -0.45567000, 0.99814296, 0.12633100, -0.86177528, 0.07504263, -0.06037861, -0.64071757, -0.18608689, -0.27955800),
( -0.29341000, 0.84271497, 0.42315701, -0.83921957, 0.23877391, 0.00166858, -0.69434410, -0.07130811, -0.20358290),
( -0.03818600, 0.91194999, 0.40461299, -0.76381600, 0.38649440, 0.07631315, -0.71311235, 0.05237008, -0.12796724),
( -0.21722099, 0.69979197, 0.53448200, -0.64747065, 0.50154054, 0.16142771, -0.69537884, 0.17371626, -0.04978540),
( 0.47079799, 1.05639803, 0.67862499, -0.48821601, 0.58127618, 0.28486386, -0.63941252, 0.28382111, 0.04062218),
( 1.13130593, 0.62171197, 0.07637200, -0.27823719, 0.67449319, 0.29393369, -0.54183877, 0.38936359, 0.10905585),
( 0.77262598, 0.58139098, -0.01305400, -0.10177352, 0.73506063, 0.28726619, -0.42295241, 0.48275578, 0.15720049),
( 0.68771398, 0.56315202, 0.16787200, 0.06455114, 0.76983601, 0.30095735, -0.29125029, 0.56031227, 0.19603729),
( 0.76121897, 0.51197296, 0.37301499, 0.22603980, 0.77202636, 0.30336595, -0.15150115, 0.61750817, 0.22503279),
( 0.88998997, 0.20105600, 0.43712598, 0.37737089, 0.70788896, 0.31655711, -0.00862309, 0.64192510, 0.24975866),
( 1.51603293, 0.83685899, 0.24778199, 0.57758904, 0.69185722, 0.32831642, 0.14974576, 0.65541458, 0.27098152),
( 1.19986999, 0.83942097, -0.05380200, 0.72932899, 0.69181716, 0.28083530, 0.30632377, 0.66524899, 0.27364358),
( 1.05487299, -0.22142999, 0.17958400, 0.84020138, 0.57724607, 0.25850686, 0.45055410, 0.64147443, 0.26955432),
( 0.55985796, -0.42901298, 0.08332600, 0.91901463, 0.46311408, 0.21381915, 0.57711160, 0.59328926, 0.25449711),
( 0.38143298, -0.72461897, 0.03092700, 0.90975010, 0.28282028, 0.14986148, 0.66697598, 0.50941414, 0.22622915),
( 0.99192101, -0.57834101, 0.29975399, 0.89536822, 0.16124900, 0.17215475, 0.72867757, 0.41535515, 0.21162061),
( 0.97288901, -0.56656802, 0.24790400, 0.91548651, 0.04500286, 0.19811471, 0.77914518, 0.31530216, 0.20797192),
( 0.80074698, -0.57059401, -0.04568900, 0.92681777, -0.06976302, 0.17706840, 0.81903982, 0.21127442, 0.19962314),
( 0.38539800, -0.65227300, 0.06459900, 0.88850653, -0.18768457, 0.14669967, 0.83780670, 0.10349317, 0.18532553),
( 0.81160498, -0.75877899, 0.04324900, 0.88045043, -0.28484908, 0.10779512, 0.84932715, -0.00141990, 0.16438021),
( -0.00561200, -0.77408999, 0.11144700, 0.72566307, -0.44820875, 0.09469910, 0.81591851, -0.12212268, 0.14555542),
( -0.35215300, -0.92091697, 0.25168601, 0.56770074, -0.62675226, 0.12540279, 0.74886096, -0.25845149, 0.14011106),
( -0.64629501, -0.34916398, 0.44157898, 0.39485711, -0.63998908, 0.15163033, 0.65322465, -0.36152625, 0.14322306),
( -1.23195601, 0.15378100, 0.48793900, 0.21289901, -0.58130538, 0.19192044, 0.53426796, -0.42090094, 0.15637897),
( -0.80044198, 0.92238098, 0.53649497, 0.09304603, -0.41476923, 0.24199983, 0.41506913, -0.41924441, 0.17950998),
( -0.39582899, 0.56412798, 0.22893299, -0.04771207, -0.29929057, 0.23505685, 0.29004592, -0.38683814, 0.19451632),
( -0.80300397, -0.08601000, 0.13487099, -0.22799245, -0.25089735, 0.22406559, 0.15009463, -0.35011289, 0.20249924),
( -0.61866200, 0.90822899, -0.10217500, -0.37191448, -0.10136459, 0.21850877, 0.00907062, -0.28291199, 0.20682432),
( 1.89307392, 0.46042800, 0.63787699, -0.21869051, 0.01148730, 0.27495891, -0.05246046, -0.20337819, 0.22523130),
( 0.28822500, -1.18321693, 0.56815398, -0.27199501, -0.03163763, 0.32709596, -0.11176908, -0.15698141, 0.25275066),
( 0.49428299, -0.68246800, 0.76695299, -0.22130457, -0.02235556, 0.39196163, -0.14136077, -0.12061140, 0.29035938),
( 0.46969998, -0.68240696, 0.44334799, -0.13782103, 0.00190614, 0.41080254, -0.14040449, -0.08751252, 0.32289785),
( 0.72309399, -0.90591097, 0.39473099, 0.00118317, -0.05424876, 0.40602136, -0.10215371, -0.07852611, 0.34535417),
( 1.03291297, -0.57870698, -0.09528200, 0.23119123, -0.12799506, 0.34798086, -0.01209851, -0.09189045, 0.34606379),
( 0.44749600, -0.71162599, 0.15927100, 0.35773709, -0.29321975, 0.31060708, 0.08781487, -0.14628081, 0.33648494),
( 0.22368699, -0.97197396, -0.11144700, 0.42046553, -0.44863462, 0.27696612, 0.17768252, -0.22796357, 0.32040557),
( 0.01671400, -1.42782700, -0.18641600, 0.50355619, -0.58434552, 0.24516475, 0.26571932, -0.32424235, 0.30007881),
( 0.18836799, -0.61207402, -0.17586300, 0.58529294, -0.73816144, 0.23791918, 0.35205412, -0.43606517, 0.28328601),
( 0.10376099, -0.98332000, -0.29523998, 0.40346432, -0.88454008, 0.14589469, 0.36594290, -0.55722344, 0.24616890),
( 0.23863199, -0.83496797, -0.62128496, 0.39865983, -0.84914505, 0.02800651, 0.37478158, -0.63608789, 0.18723097),
( 0.22496800, 1.94504595, -1.16442895, 0.37201276, -0.58288980, -0.16362786, 0.37403357, -0.62171608, 0.09244429),
( -1.19023192, 0.58309901, -0.77195501, 0.20379956, -0.45486289, -0.28394532, 0.32804379, -0.57663965, -0.00923971),
( -0.76981997, 0.47122499, -0.37472299, 0.05250155, -0.31555670, -0.36012369, 0.25360435, -0.50610650, -0.10403319),
( -1.06518197, 0.46664998, -0.73742896, -0.16033538, -0.20995939, -0.42355949, 0.14177597, -0.42610052, -0.19035520),
( -0.86577296, 0.37984699, -0.76426899, -0.29340988, -0.09953435, -0.51499909, 0.02420781, -0.33787665, -0.27805975),
( -0.70089000, 0.35624000, -0.47915500, -0.38705060, 0.03486201, -0.55144948, -0.08689620, -0.23717898, -0.35191768),
( -0.69173998, 0.65989798, -0.53991097, -0.45862103, 0.24620302, -0.58661157, -0.18731996, -0.10659034, -0.41532171),
( -0.84088498, 0.73382998, -0.28450400, -0.56292915, 0.38234410, -0.59737885, -0.28879312, 0.02549833, -0.46450558),
( -0.30750099, 0.73059696, -0.05392400, -0.60446250, 0.55581009, -0.57360518, -0.37407315, 0.16876535, -0.49397951),
( -0.58297700, 0.62171197, 0.12004800, -0.68778950, 0.70310372, -0.50019658, -0.45882556, 0.31312019, -0.49565908),
( 0.00591700, 0.66215497, 0.88163298, -0.71054721, 0.57292032, -0.29728204, -0.52682972, 0.38330680, -0.44206628),
( 1.84104097, 1.57501996, 1.99860394, -0.40292063, 0.67353046, -0.02332755, -0.49335492, 0.46171251, -0.32894140),
( 0.37460101, 0.14749800, 0.16689600, -0.28681636, 0.64086831, 0.03020581, -0.43755725, 0.51011258, -0.23191555),
( -0.26242200, -0.36044899, 1.07042801, -0.20568256, 0.55703127, 0.20931315, -0.37491485, 0.52278799, -0.11271488),
( 0.09680700, -0.29572800, 1.36932802, -0.10834049, 0.48852611, 0.42065507, -0.30289814, 0.51353192, 0.03137833),
( -0.31476000, -0.30310899, 0.85607398, -0.06942588, 0.42166439, 0.55297470, -0.23982416, 0.48871332, 0.17229082),
( -0.22338200, -0.25571200, 0.65416402, -0.02217950, 0.32888192, 0.67132556, -0.18102610, 0.44553387, 0.30710816),
( -0.02080100, 0.23960799, 0.58236700, 0.06090697, 0.27886525, 0.75715452, -0.11566638, 0.40050730, 0.42869097),
( 1.01650393, 1.99774992, -0.68704301, 0.19567995, 0.40746790, 0.69407851, -0.03155424, 0.40238774, 0.50038707),
( 0.63781601, 1.31790495, -0.01403000, 0.31980452, 0.47817817, 0.68053132, 0.06336751, 0.42286301, 0.54905415),
( -0.35422701, 0.81929100, 0.71717697, 0.28327498, 0.49405208, 0.66427165, 0.12277687, 0.44209519, 0.58018088),
( -0.16750599, 1.34309793, 0.27138901, 0.07949077, 0.47044569, 0.49345654, 0.11108286, 0.44975427, 0.55675179),
( 0.34721199, 0.48580399, 0.18318300, 0.07676049, 0.50469792, 0.49503526, 0.10181046, 0.46459764, 0.54007870),
( 0.44670299, 0.62653100, 1.04822397, 0.14894578, 0.60476005, 0.49261555, 0.11454435, 0.50246340, 0.52725625),
( -0.27358499, 0.08174000, 0.81672901, 0.11146826, 0.64298916, 0.43787283, 0.11371332, 0.54042733, 0.50310874),
( -0.02592500, 0.28261301, 1.10446596, 0.14086118, 0.70231962, 0.46237397, 0.12104749, 0.58416355, 0.49210399),
( -0.34867600, -0.12742899, 0.42571899, 0.12818979, 0.71531659, 0.43974239, 0.12297703, 0.61959535, 0.47795817),
( -0.33061999, -1.31509900, 0.66099596, 0.09646221, 0.55782080, 0.44775921, 0.11581388, 0.60290658, 0.46979973),
( -1.61778092, -0.73291498, -0.08167900, -0.17162280, 0.28080985, 0.50844920, 0.03816108, 0.51589018, 0.48024112),
( -1.12581599, -0.39863500, 0.11510700, -0.35104460, 0.10668819, 0.52170569, -0.06698525, 0.40534171, 0.49144304),
( -0.87040901, -0.59102899, -0.19117400, -0.40356216, -0.03610500, 0.43194184, -0.15791360, 0.28608215, 0.47536841),
( 0.26034799, -0.67526996, -0.34763899, -0.36033601, -0.24035487, 0.37077543, -0.21259926, 0.14386192, 0.44711196),
( 0.27504900, 0.00494100, -0.58175701, -0.36762846, -0.28897244, 0.29504794, -0.25448138, 0.02692903, 0.40603092),
( -0.26211700, -0.13121100, 0.35544699, -0.43963975, -0.36573809, 0.22659738, -0.30450305, -0.07915243, 0.35755584),
( -0.44328699, 0.62964201, 0.64934498, -0.45676368, -0.31026262, 0.20997402, -0.34563720, -0.14158829, 0.31768569),
( -0.26303199, 0.34574801, 0.76616001, -0.48078576, -0.30386800, 0.17648104, -0.38214841, -0.18542916, 0.27953839),
( -0.41242099, 0.22234499, 1.06768298, -0.48729986, -0.26853257, 0.24005893, -0.41055572, -0.20788006, 0.26887277),
( -0.62323701, 0.31945699, 0.63818198, -0.51675612, -0.10305355, 0.23765285, -0.43924642, -0.17956053, 0.26043850),
( -1.26007700, 0.13505399, 0.76518399, -0.48041224, -0.01519967, 0.32141048, -0.45036763, -0.13515742, 0.27691045),
( -1.00308394, 0.03403800, 0.36630499, -0.46791491, 0.02860544, 0.34623206, -0.45510814, -0.09091587, 0.29563811),
( -0.92408895, 0.51093596, -0.74200398, -0.47310925, 0.14025092, 0.29153374, -0.45997125, -0.02846473, 0.29452929),
( 1.75051701, 1.51139700, -0.96093297, -0.32131547, 0.36199227, 0.23029104, -0.42251253, 0.07701965, 0.27717492),
( 1.64455998, -0.70711201, 0.56126100, -0.18250066, 0.28997272, 0.34342533, -0.35767183, 0.13455024, 0.29507288),
( 0.54625499, 0.27742800, -0.94513398, -0.10013725, 0.33163300, 0.21439004, -0.28809726, 0.18779337, 0.27327591),
( 1.16406298, 0.24357300, -0.41437298, 0.06321472, 0.29291740, 0.10879737, -0.19318815, 0.21619329, 0.22884101),
( 1.01723599, 0.67350101, -1.46454895, 0.19363312, 0.32656965, -0.11246026, -0.08868598, 0.24601215, 0.13663635),
( 0.68850696, -0.08277700, -0.31933498, 0.30560985, 0.29600769, -0.25002107, 0.01783549, 0.25951874, 0.03217845),
( -0.40339300, -0.10687200, 0.55906498, 0.32788268, 0.25287977, -0.25784373, 0.10159665, 0.25772518, -0.04617285),
( -0.86705399, 0.58816200, 1.06743896, 0.36782861, 0.29879147, -0.22800574, 0.17352086, 0.26881948, -0.09529613),
( -0.91603696, -0.08832800, 0.41925299, 0.37664241, 0.28640786, -0.22275820, 0.22839540, 0.27357110, -0.12973081),
( -0.85241401, -0.44212800, -1.08622694, 0.38382140, 0.18994722, -0.25676590, 0.27038470, 0.25097960, -0.16405013),
( 0.02690100, 0.80770099, -0.57895100, 0.20858800, 0.11836825, -0.21857950, 0.25368994, 0.21515381, -0.17878158),
( 0.25967699, 0.60774297, -0.60884100, 0.06831208, 0.25143114, -0.33446488, 0.20360896, 0.22495435, -0.22084039),
( 0.39058298, 0.32665500, -0.84186101, 0.05249329, 0.25637931, -0.32421464, 0.16278413, 0.23344401, -0.24876758),
( 0.21856299, 0.45725599, -0.99478799, -0.04341881, 0.27793413, -0.38160902, 0.10707713, 0.24546330, -0.28465551),
( -0.02318000, -0.02799900, -0.37899300, -0.14936526, 0.20660515, -0.27381095, 0.03779763, 0.23496553, -0.28172579),
( 0.16616400, 0.24570799, -0.08875500, -0.20240045, 0.23975912, -0.25092432, -0.02709338, 0.23626055, -0.27340460),
( -0.56016296, -1.99860394, -0.25241798, -0.21850452, 0.04826192, -0.33108777, -0.07880428, 0.18547155, -0.28898805),
( 0.23893699, -0.77366298, 0.35453200, -0.10628255, -0.08938409, -0.40173298, -0.08622771, 0.11121760, -0.31944680),
( -0.02708400, -0.82959998, 0.97343796, -0.01619415, -0.16437110, -0.34686819, -0.06730770, 0.03676560, -0.32685485),
( 0.23686300, -0.80922598, 0.82850200, 0.09409812, -0.20159285, -0.15726730, -0.02370292, -0.02762841, -0.28103971),
( 0.31286898, -0.19190599, 1.04425895, 0.12274230, -0.30296001, 0.00364115, 0.01586017, -0.10201095, -0.20413141),
( -0.71290696, 0.10370000, 0.80367500, 0.02366829, -0.35432053, 0.14380291, 0.01796958, -0.17017394, -0.11013480),
( -0.11894999, 0.00146400, 0.65129697, -0.02835799, -0.38750499, 0.29186553, 0.00545390, -0.22888727, -0.00153192),
( -0.60554701, 0.57504702, 0.83923799, -0.11231518, -0.37592062, 0.47369853, -0.02636215, -0.26860926, 0.12685454),
( 1.33278894, -0.43761399, -1.99774992, 0.02558328, -0.41699654, 0.31315008, -0.01232877, -0.30869702, 0.17718343),
( 1.12319303, 0.17793700, -0.62842196, 0.12285626, -0.42364416, 0.25954276, 0.02419231, -0.33975071, 0.19943331),
( 0.52197701, 0.31762698, -0.75084901, 0.23321095, -0.18886091, 0.20972696, 0.08065999, -0.29898688, 0.20221421),
( 0.82587898, -0.60530299, -0.52075702, 0.29298258, -0.17161702, 0.12289236, 0.13802026, -0.26457712, 0.18078493),
( 0.31140500, -0.49867499, 0.15317100, 0.32753706, -0.13795701, 0.04152777, 0.18921940, -0.23036991, 0.14316374),
( -0.18672100, 0.48043600, 0.42510900, 0.28478032, -0.00738052, 0.00147151, 0.21503578, -0.17012794, 0.10488471),
( 0.14499700, -1.73203397, 1.99860394, 0.26734212, -0.16347857, 0.09623566, 0.22916666, -0.16833158, 0.10254811),
( -0.14810799, 1.07597899, 0.42895198, 0.32491857, -0.06488734, 0.05890982, 0.25503463, -0.14038548, 0.09075896),
( -0.53753197, 1.04102600, 0.41181099, 0.28260559, 0.04034467, 0.03512244, 0.26248309, -0.09156011, 0.07572841),
( -0.34812701, 1.27697396, 0.15780699, 0.30896464, 0.11154513, -0.03251648, 0.27504036, -0.03668997, 0.04648538),
( -0.28834701, 0.96245795, -0.07137000, 0.14424601, 0.25284153, 0.15843764, 0.23970546, 0.04152876, 0.07672998),
( -0.03312300, 1.02571499, -0.05154500, 0.02685082, 0.33844039, 0.21567130, 0.18220146, 0.12174128, 0.11426584),
( -0.21837999, 0.01091900, 0.43560100, -0.04857122, 0.30712625, 0.33337602, 0.11985679, 0.17182419, 0.17345981),
( 0.29145798, -0.11827900, -0.08021500, -0.10283909, 0.35630843, 0.37705019, 0.05969412, 0.22166374, 0.22846101),
( 0.06533100, -0.57041097, 1.66469002, -0.12806864, 0.34882995, 0.52686357, 0.00896884, 0.25601849, 0.30907631),
( 0.32220200, -0.18952699, 0.50398201, -0.07649701, 0.28105837, 0.53468049, -0.01412029, 0.26278317, 0.37002468),
( 0.83948201, 0.51551098, 0.92799300, -0.00544152, 0.50889045, 0.42823601, -0.01177567, 0.32927057, 0.38575083),
( 0.73749000, 0.48946398, 0.94348699, 0.08433674, 0.44957885, 0.47915468, 0.01418969, 0.36177260, 0.41098446),
( 0.51374197, 0.93195796, 0.67459899, 0.19105604, 0.43867159, 0.50504911, 0.06197124, 0.38254735, 0.43639660),
( 0.14139800, 0.84356898, 0.35514200, 0.24067757, 0.39483815, 0.52457935, 0.11024986, 0.38586777, 0.46021971),
( -0.24302399, 1.37536693, -0.13352899, 0.24535611, 0.43666571, 0.51836586, 0.14674966, 0.39959115, 0.47592825),
( -0.18708700, 0.54222900, 0.82398796, 0.22951086, 0.38757977, 0.60519660, 0.16910811, 0.39634621, 0.51085091),
( 1.09958601, -1.98963702, -0.76750201, 0.36323369, 0.18534327, 0.48602286, 0.22155234, 0.33934245, 0.50414348),
( 0.72059298, -0.15066999, -0.56370097, 0.40688676, 0.18218760, 0.43805665, 0.27162158, 0.29688609, 0.48628971),
( 0.60737699, -0.83752996, -0.74596900, 0.46225730, 0.15550320, 0.19914737, 0.32312301, 0.25869063, 0.40871644),
( 0.30207199, -0.70619696, -0.61115897, 0.46029615, 0.10330846, 0.08871665, 0.36018118, 0.21671318, 0.32226652),
( -0.34770000, -0.29957101, 0.26589900, 0.33968478, 0.02065636, 0.02338410, 0.35464394, 0.16374721, 0.24152158),
( 0.05002000, -1.05987501, 1.99860394, 0.26945561, -0.13646904, 0.12821159, 0.33162978, 0.08264192, 0.21091019),
( -0.82514697, 0.56052899, 0.82099897, 0.13338622, -0.17431240, 0.14295973, 0.27807304, 0.01322412, 0.19255295),
( -1.77058601, -0.57376599, -1.98524499, -0.06068825, -0.31787315, -0.08848859, 0.18655458, -0.07622387, 0.11662783),
( 0.64800298, -0.48647499, -0.36050999, 0.02954812, -0.50624382, -0.11089613, 0.14413831, -0.19239643, 0.05516083),
( 1.10257494, -0.25540701, -0.07368800, 0.16054273, -0.58670658, -0.19994172, 0.14857006, -0.29892176, -0.01375671),
( 0.67331797, -0.18342699, -0.40504000, 0.11748193, -0.40391093, -0.16417275, 0.14017141, -0.32728523, -0.05439254),
( 0.77195501, -0.91811097, -0.23600900, 0.12252742, -0.48165545, -0.13162236, 0.13540478, -0.36898929, -0.07525665),
( 0.94324297, -0.68240696, 0.03928400, 0.15654860, -0.46598420, -0.05388367, 0.14111692, -0.39519307, -0.06948261),
( 0.15988100, -0.40894398, -0.11498500, 0.14208020, -0.43596300, -0.00473363, 0.14137715, -0.40620732, -0.05199027),
( 0.68259001, 0.44096899, 0.43352699, 0.24681798, -0.36082727, 0.01163683, 0.16986264, -0.39394763, -0.03480101),
( -0.66239899, 1.32247996, 0.45902500, 0.17506833, -0.11951403, -0.14108154, 0.17126900, -0.31980768, -0.06351336),
( 0.59273696, 0.29243401, 1.22603893, 0.31897691, -0.14648315, -0.10112818, 0.21117321, -0.27298298, -0.07367524),
( -0.35123798, 0.12974700, 1.07713795, 0.46279401, -0.07536963, 0.20201477, 0.27915013, -0.21959651, 0.00080413),
( -0.11364300, 0.76701397, 1.12880492, 0.38541371, 0.05127090, 0.34955147, 0.30785790, -0.14641999, 0.09502039),
( -0.15030399, 1.03120494, 0.79989296, 0.25823671, 0.18125844, 0.43614760, 0.29445243, -0.05789562, 0.18717803),
( -0.41010299, 0.76841700, 0.38564199, 0.14823012, 0.27738243, 0.51454318, 0.25494957, 0.03268183, 0.27561775),
( -0.16463900, 0.48537698, 0.52899200, 0.05321238, 0.41926846, 0.59032011, 0.20044902, 0.13712060, 0.36063653),
( 1.84500599, -1.31790495, -0.95269799, 0.14484876, 0.35517350, 0.49196920, 0.18542826, 0.19602895, 0.39611685),
( 0.27114499, -0.95483297, -0.58486801, 0.15613239, 0.29996622, 0.44545755, 0.17751379, 0.22410825, 0.40944654),
( 0.76652598, -0.65684801, -0.05752300, 0.16455539, 0.18886611, 0.39691645, 0.17401300, 0.21458736, 0.40606147),
( 0.57705998, -0.81258100, 0.40339300, 0.29011220, -0.02713622, 0.39146680, 0.20537792, 0.14928423, 0.40211862),
( 0.12199999, -0.64928401, 0.43163601, 0.24226828, -0.12248244, 0.31293252, 0.21534409, 0.07586478, 0.37802446),
( 0.13566400, 0.55772299, 0.78025097, 0.29183441, -0.07903143, 0.28339365, 0.23600842, 0.03401861, 0.35245937),
( 0.03958900, 0.18867299, 0.99643499, 0.30732527, -0.13755730, 0.27032191, 0.25527510, -0.01233369, 0.33026943),
( 0.84552097, 1.16650295, 0.34281999, 0.40855879, -0.12364453, 0.22486913, 0.29668564, -0.04240500, 0.30179489),
( 0.12791699, 0.97630501, 0.23369099, 0.46326017, -0.10248933, 0.20970905, 0.34168679, -0.05863716, 0.27691734),
( 0.27462199, 1.11593401, 0.47708100, 0.50798345, -0.03855995, 0.20442717, 0.38661286, -0.05321318, 0.25733367),
( 0.50861800, 1.26221192, 0.40113598, 0.37245965, 0.22234532, 0.33847183, 0.38278928, 0.02123066, 0.27925363),
( 0.54479098, 0.68411499, 0.52356297, 0.40035003, 0.38822865, 0.44807020, 0.38753343, 0.12037744, 0.32486048),
( 0.25766400, 0.63885301, 0.27754998, 0.34882295, 0.51931769, 0.48119664, 0.37707555, 0.22815362, 0.36709568),
( 0.46542999, 0.66490000, 0.20007999, 0.33775097, 0.66894031, 0.46089712, 0.36645177, 0.34723487, 0.39243671),
( 0.35172600, 0.56955701, 0.54991502, 0.36126077, 0.79238904, 0.47244158, 0.36504939, 0.46749604, 0.41405052),
( 0.35691100, 0.41394600, 1.07780898, 0.38366520, 0.77783048, 0.50190878, 0.37007856, 0.55133480, 0.43778598),
( 0.21685499, 0.44133499, 0.68100399, 0.40175706, 0.80348092, 0.47059876, 0.37863672, 0.61945361, 0.44665056),
( -0.08241100, 0.35166499, 1.02876496, 0.30727667, 0.72073901, 0.53879774, 0.35935837, 0.64681649, 0.47154468),
( -0.05746200, 0.16939700, 1.00119293, 0.28820512, 0.63890922, 0.61496639, 0.34013587, 0.64468032, 0.51029092),
( -0.01024800, -0.08765700, 0.86937201, 0.25902098, 0.51693690, 0.65401804, 0.31822219, 0.61016965, 0.54911971),
( -0.03111000, 0.21959999, 0.99070096, 0.20394774, 0.41120261, 0.71263587, 0.28735024, 0.55641747, 0.59329462),
( -0.14682700, -0.15646499, 0.89572400, 0.13351195, 0.32592791, 0.74971139, 0.24578987, 0.49414930, 0.63555157),
( -0.07734800, -0.36606100, 0.26614299, 0.09932674, 0.22411330, 0.74874723, 0.20622195, 0.42119741, 0.66613209),
( 0.08643700, 0.03123200, 0.97911096, 0.06061613, 0.15979436, 0.82606697, 0.16688563, 0.35057777, 0.70933950),
( -0.00061000, -0.02928000, 1.00168097, 0.02466727, 0.09904472, 0.87095183, 0.12846446, 0.28262454, 0.75300008),
( -0.00109800, -0.03086600, 1.00418198, -0.01175504, 0.05395225, 0.86376125, 0.09058329, 0.22084731, 0.78292292),
( 0.00164700, -0.03190300, 1.01497900, -0.03373852, 0.00595689, 0.89693975, 0.05699698, 0.16279332, 0.81372529),
( -0.00268400, -0.02958500, 1.01101398, -0.02569902, -0.03263557, 0.89521325, 0.03465614, 0.10999700, 0.83573979),
( -0.00183000, -0.02915800, 0.99576396, -0.02007947, -0.05273271, 0.89468992, 0.01986898, 0.06603456, 0.85166556),
( 0.00000000, -0.02860900, 1.00595093, -0.01904950, -0.04676738, 0.90821445, 0.00935491, 0.03556041, 0.86694258),
( 0.01171200, -0.02885300, 1.01284397, -0.01474311, -0.07192266, 0.91043091, 0.00284468, 0.00652319, 0.87869120),
( -0.00671000, -0.03080500, 0.99234796, -0.00050602, -0.05918653, 0.91996956, 0.00193947, -0.01122870, 0.88984281),
( -0.00311100, -0.03251300, 0.99503195, 0.00697890, -0.02548230, 0.99214172, 0.00330090, -0.01507939, 0.91747952),
( -0.00036600, -0.03007300, 1.01473498, -0.00185259, -0.03170832, 0.99569148, 0.00190866, -0.01957180, 0.93860894),
( 0.00079300, -0.03263500, 1.00540197, -0.00171118, -0.03204827, 0.99606037, 0.00093074, -0.02294240, 0.95412982),
( 0.00176900, -0.02726700, 0.99216497, -0.00141762, -0.03168197, 0.99486887, 0.00029631, -0.02530345, 0.96513575),
( -0.00122000, -0.03135400, 0.99558097, -0.00170584, -0.03162459, 0.99294722, -0.00024458, -0.02701114, 0.97264922),
( -0.00201300, -0.03226900, 1.01455200, -0.00163864, -0.03189668, 0.99329793, -0.00062120, -0.02833100, 0.97822762),
( 0.00048800, -0.03275700, 1.00930595, -0.00140580, -0.03226233, 0.99463975, -0.00083316, -0.02939308, 0.98266149),
( -0.00237900, -0.02177700, 1.01668704, -0.00164794, -0.03157211, 0.99570310, -0.00105328, -0.02998175, 0.98618478),
( -0.01543300, -0.03123200, 0.99869198, -0.00440327, -0.03181572, 0.99430525, -0.00195830, -0.03047721, 0.98837858),
( -0.00213500, -0.02989000, 0.99765497, -0.00393924, -0.03172294, 0.99483025, -0.00249346, -0.03081375, 0.99012154),
